100 100 20 1479
#constraints
102 104
108 111
109 114
104 123
124 125
123 133
114 137
120 143
135 147
142 149
140 160
116 161
151 162
101 164
166 167
118 179
161 180
152 190
192 194
128 195
#edges
1 106 1
1 111 2
1 117 1
1 118 1
1 120 2
1 126 1
1 134 1
1 139 1
1 153 1
1 162 1
1 177 2
1 179 1
1 183 1
1 193 2
1 200 1
2 108 3
2 112 2
2 118 1
2 125 1
2 130 2
2 144 1
2 148 1
2 155 2
2 158 2
2 159 2
2 175 1
2 181 1
2 187 2
2 198 2
3 110 1
3 112 6
3 115 1
3 131 1
3 140 1
3 147 1
3 153 1
3 160 1
3 172 1
3 191 2
3 193 3
3 196 1
4 105 1
4 108 1
4 113 1
4 123 2
4 140 1
4 143 1
4 146 3
4 149 1
4 153 2
4 157 1
4 168 2
4 169 2
4 179 1
4 180 2
4 184 3
4 185 2
4 186 2
4 188 1
4 189 1
4 194 1
4 197 1
5 105 6
5 122 1
5 126 3
5 161 2
5 165 2
5 190 1
6 105 3
6 110 1
6 112 2
6 114 1
6 118 1
6 127 3
6 138 1
6 142 1
6 145 1
6 147 1
6 149 2
6 154 1
6 155 1
6 166 1
6 168 1
6 172 1
6 179 1
6 184 3
6 189 1
6 198 2
7 111 1
7 117 2
7 126 2
7 136 1
7 138 1
7 140 3
7 150 1
7 155 2
7 156 3
7 157 1
7 160 4
7 161 4
7 168 1
7 169 1
7 170 1
7 173 2
7 177 1
7 178 1
7 189 1
7 191 1
7 200 2
8 104 2
8 111 3
8 113 2
8 125 1
8 129 2
8 130 1
8 142 1
8 145 1
8 146 1
8 147 3
8 166 1
8 167 3
8 184 1
9 105 1
9 106 1
9 109 5
9 118 2
9 135 2
9 143 2
9 158 2
9 160 1
9 161 2
9 166 1
9 167 2
9 170 1
9 180 1
9 183 1
9 185 3
9 186 3
9 189 2
9 191 1
9 195 1
10 105 1
10 111 4
10 124 1
10 130 2
10 134 1
10 146 3
10 151 1
10 159 1
10 162 1
10 171 1
10 177 2
10 187 2
10 200 1
11 104 1
11 106 1
11 113 1
11 119 1
11 142 1
11 149 2
11 154 1
11 162 3
11 165 2
11 188 1
12 101 1
12 103 2
12 120 1
12 121 5
12 129 3
12 130 2
12 137 3
12 139 1
12 140 3
12 153 1
12 158 2
12 162 1
12 173 3
12 176 3
12 186 3
12 187 2
12 195 3
12 198 2
13 105 5
13 119 2
13 120 3
13 126 1
13 131 1
13 140 2
13 143 1
13 144 1
13 154 1
13 157 1
13 158 2
13 159 1
13 172 1
13 177 1
13 184 1
13 199 1
13 200 1
14 102 1
14 116 4
14 124 1
14 135 4
14 141 2
14 156 2
14 170 4
14 175 1
14 179 1
14 188 3
15 106 1
15 111 1
15 117 1
15 121 1
15 122 2
15 125 1
15 151 1
15 165 1
15 166 1
15 169 1
15 179 1
15 181 1
15 187 1
15 193 1
16 107 1
16 112 1
16 114 4
16 123 3
16 134 2
16 136 2
16 137 2
16 140 2
16 145 1
16 155 1
16 166 1
16 176 1
16 181 3
16 186 2
16 193 1
17 124 2
17 128 2
17 138 1
17 140 2
17 151 2
17 153 3
17 159 1
17 166 3
17 168 2
17 174 2
17 175 2
17 176 1
17 178 1
17 189 1
17 190 1
17 198 1
18 102 1
18 105 1
18 107 1
18 110 1
18 114 1
18 125 3
18 147 1
18 148 2
18 158 2
18 162 1
18 175 1
18 177 2
18 197 1
19 109 1
19 111 3
19 112 2
19 113 1
19 121 1
19 125 1
19 137 2
19 139 2
19 146 1
19 147 1
19 161 3
19 171 1
19 173 3
19 188 1
19 194 1
20 103 1
20 109 3
20 112 3
20 114 1
20 120 1
20 126 1
20 132 2
20 142 1
20 146 1
20 153 2
20 154 1
20 155 1
20 156 1
20 172 1
20 187 2
20 189 2
20 191 1
20 192 3
21 106 1
21 130 2
21 132 4
21 135 1
21 137 1
21 141 1
21 155 1
21 168 1
21 179 1
21 186 1
21 196 1
22 103 1
22 114 1
22 131 1
22 132 5
22 148 1
22 158 1
22 164 1
22 166 1
22 183 1
22 187 1
22 190 1
22 194 1
22 199 3
23 112 1
23 137 1
23 142 1
23 145 1
23 149 1
23 153 1
23 172 1
23 177 1
23 185 3
24 102 4
24 109 1
24 127 1
24 129 2
24 159 1
24 166 4
24 176 2
24 180 2
24 189 1
24 195 2
24 199 3
24 200 1
25 119 1
25 125 1
25 135 1
25 139 4
25 144 1
25 147 2
25 150 1
25 174 1
25 183 2
26 102 1
26 106 1
26 118 1
26 126 2
26 133 1
26 139 2
26 153 2
26 163 2
26 166 1
26 169 1
26 172 1
26 173 3
26 178 1
26 179 1
27 101 3
27 106 1
27 108 1
27 111 1
27 113 1
27 115 1
27 117 1
27 133 1
27 134 2
27 135 3
27 136 1
27 142 4
27 150 3
27 159 2
27 164 1
27 173 1
27 177 4
27 184 1
28 102 1
28 106 1
28 107 2
28 108 6
28 112 1
28 119 1
28 127 3
28 134 1
28 146 1
28 152 1
28 163 1
28 172 1
28 183 1
28 184 2
28 196 3
28 197 1
29 101 2
29 107 1
29 150 1
29 156 2
29 168 2
29 196 1
29 197 2
30 107 1
30 112 1
30 126 1
30 138 1
30 156 1
30 171 2
30 173 2
30 175 2
30 177 3
30 188 1
30 196 1
31 112 3
31 113 1
31 118 2
31 128 1
31 132 1
31 133 1
31 139 2
31 140 1
31 144 1
31 148 2
31 157 1
31 158 3
31 160 1
31 170 2
31 171 3
31 172 4
31 175 2
31 182 1
31 184 1
32 101 1
32 119 1
32 133 1
32 138 1
32 139 2
32 165 1
32 168 1
32 186 1
32 189 2
32 200 2
33 105 1
33 113 1
33 120 2
33 124 1
33 126 2
33 127 2
33 136 1
33 137 2
33 139 2
33 142 1
33 152 4
33 156 1
33 158 1
33 163 1
33 167 1
33 177 1
33 179 2
33 194 1
34 102 1
34 103 3
34 112 2
34 119 1
34 124 1
34 126 1
34 131 4
34 158 2
34 161 1
34 164 1
34 172 3
34 176 2
34 197 1
35 101 1
35 102 1
35 133 1
35 143 2
35 145 1
35 146 4
35 158 1
35 174 1
35 183 1
35 196 1
36 106 1
36 114 1
36 121 3
36 124 2
36 171 1
36 173 2
36 185 1
36 199 2
37 101 1
37 110 3
37 113 1
37 118 2
37 127 1
37 133 1
37 140 1
37 148 2
37 152 1
37 159 5
37 165 1
37 168 1
37 171 1
37 173 2
37 179 1
37 183 1
37 193 1
37 195 2
37 196 1
38 110 1
38 111 1
38 116 2
38 145 3
38 147 1
38 151 1
38 152 1
38 165 1
38 173 2
38 183 1
38 185 1
38 189 1
39 103 1
39 126 1
39 128 1
39 130 1
39 151 1
39 160 1
39 166 2
39 171 1
39 172 1
39 181 1
39 182 1
39 185 1
39 187 1
39 189 1
39 195 2
40 104 1
40 106 3
40 109 1
40 110 1
40 113 2
40 115 2
40 117 1
40 119 1
40 123 1
40 137 1
40 140 2
40 143 1
40 156 1
40 159 1
40 166 1
40 174 3
40 180 4
40 184 1
40 185 3
40 188 1
40 189 5
40 191 2
40 194 1
41 105 1
41 108 2
41 120 1
41 125 1
41 144 3
41 152 1
41 155 2
41 159 1
41 165 1
41 173 4
41 174 1
41 183 1
41 197 1
42 123 1
42 124 1
42 129 1
42 136 2
42 138 1
42 141 1
42 146 1
42 148 2
42 154 1
42 168 1
42 178 1
42 184 2
42 185 1
42 198 1
43 109 1
43 124 1
43 125 2
43 126 1
43 138 1
43 143 1
43 149 1
43 156 1
43 163 1
43 165 2
43 176 1
43 178 2
43 180 3
43 182 4
43 191 1
43 192 1
43 194 3
44 112 3
44 114 1
44 118 1
44 122 1
44 124 1
44 131 1
44 138 2
44 143 3
44 158 1
44 167 1
44 184 1
44 199 1
45 102 1
45 104 1
45 110 3
45 116 1
45 123 1
45 132 2
45 135 1
45 157 1
45 159 4
45 161 3
45 163 1
45 165 1
45 166 2
45 186 4
45 190 2
45 193 2
45 195 5
46 102 1
46 105 1
46 110 1
46 117 1
46 128 3
46 132 1
46 138 2
46 149 1
46 150 1
46 165 4
46 176 1
46 180 1
46 188 1
46 199 2
47 106 1
47 113 1
47 127 1
47 136 1
47 139 2
47 142 2
47 144 1
47 164 1
47 172 1
47 181 5
47 186 4
47 191 1
47 196 3
48 107 2
48 118 2
48 126 1
48 135 3
48 148 1
48 152 1
48 165 5
48 168 2
48 174 1
48 178 1
48 179 2
48 191 1
48 200 1
49 101 1
49 123 1
49 138 3
49 140 1
49 159 1
49 164 1
49 180 1
49 184 3
49 187 4
49 191 4
49 192 1
50 105 1
50 106 1
50 107 1
50 109 1
50 117 2
50 120 1
50 129 3
50 130 1
50 132 1
50 133 1
50 136 2
50 147 1
50 148 1
50 151 1
50 155 1
50 159 1
50 176 1
50 177 1
50 181 1
50 182 1
50 195 1
50 199 1
51 106 2
51 115 2
51 116 1
51 122 1
51 123 1
51 125 2
51 130 1
51 134 1
51 146 1
51 147 1
51 149 2
51 152 2
51 153 1
51 172 2
51 186 1
51 191 2
51 200 2
52 103 1
52 109 1
52 120 1
52 123 3
52 131 1
52 132 2
52 138 1
52 160 1
52 161 2
52 162 1
52 174 2
52 175 2
52 176 1
52 182 1
52 184 1
52 187 1
52 189 1
52 193 1
52 195 1
53 101 1
53 104 2
53 105 1
53 109 1
53 111 4
53 112 1
53 152 3
53 171 1
53 173 2
53 176 1
53 184 1
53 187 1
53 191 1
53 196 3
53 199 1
54 104 2
54 106 1
54 115 6
54 123 1
54 125 1
54 134 1
54 143 2
54 149 1
54 153 1
54 158 1
54 159 1
54 160 1
54 165 1
54 180 1
55 108 2
55 110 1
55 115 2
55 121 1
55 124 3
55 135 1
55 136 1
55 138 1
55 141 1
55 151 1
55 160 3
55 161 1
55 162 4
55 171 1
55 180 1
55 186 1
55 197 1
56 102 2
56 106 3
56 109 1
56 112 1
56 117 1
56 124 1
56 127 1
56 137 1
56 146 2
56 149 1
56 152 5
56 153 1
56 155 2
56 171 4
57 113 1
57 114 1
57 115 2
57 132 1
57 133 1
57 135 2
57 141 1
57 150 1
57 154 2
57 158 1
57 164 1
57 166 1
57 173 1
57 180 2
57 185 1
57 195 2
57 200 1
58 107 2
58 110 4
58 115 1
58 116 2
58 117 1
58 123 2
58 130 1
58 142 2
58 144 1
58 154 1
58 174 1
58 176 1
58 183 1
58 190 2
58 191 2
58 196 1
59 103 1
59 111 3
59 127 1
59 130 1
59 135 1
59 145 1
59 153 1
59 165 2
59 174 2
59 178 1
59 184 2
59 188 1
59 195 1
59 199 1
60 101 1
60 102 1
60 107 1
60 110 1
60 112 1
60 127 1
60 133 1
60 138 1
60 143 1
60 153 2
60 154 1
60 165 1
60 167 3
60 170 3
60 172 2
60 185 1
60 190 1
60 193 2
60 197 1
60 199 1
61 103 1
61 113 1
61 115 2
61 121 1
61 126 3
61 143 1
61 144 3
61 145 2
61 149 2
61 153 1
61 154 4
61 168 2
61 177 4
61 182 2
61 189 1
61 190 3
61 198 1
62 101 4
62 118 1
62 123 1
62 130 4
62 138 1
62 141 2
62 153 3
62 154 1
62 158 3
62 159 1
62 160 3
62 169 1
62 178 3
62 184 1
62 188 1
62 196 1
63 114 1
63 117 1
63 123 2
63 124 1
63 125 1
63 144 2
63 146 4
63 148 2
63 149 1
63 151 1
63 155 1
63 166 1
63 176 1
63 188 3
63 192 1
64 102 1
64 103 2
64 113 1
64 115 2
64 117 1
64 118 2
64 119 2
64 121 1
64 128 2
64 144 2
64 150 1
64 166 2
64 168 2
64 170 1
64 179 2
64 188 1
64 189 1
64 191 1
64 194 1
65 107 1
65 116 1
65 118 1
65 119 1
65 124 3
65 130 1
65 132 1
65 133 1
65 135 1
65 145 2
65 149 1
65 151 1
65 152 1
65 165 1
65 171 2
65 182 3
65 183 2
65 186 1
65 187 8
65 188 2
65 195 1
65 200 1
66 101 2
66 103 1
66 106 2
66 113 2
66 121 1
66 122 1
66 123 2
66 125 1
66 126 1
66 136 2
66 137 3
66 138 2
66 146 2
66 170 1
66 172 1
66 182 1
66 183 5
66 184 2
66 195 4
66 196 1
67 103 2
67 112 2
67 117 6
67 125 2
67 133 1
67 140 1
67 141 1
67 143 1
67 144 5
67 145 1
67 154 1
67 161 2
67 166 1
67 170 1
67 181 3
67 189 1
68 104 1
68 110 1
68 116 1
68 121 6
68 122 4
68 144 1
68 158 1
68 178 1
68 183 2
68 189 2
68 190 2
68 199 1
69 106 1
69 120 2
69 137 1
69 159 4
69 162 3
69 173 1
69 174 3
69 179 3
69 186 1
69 191 1
70 134 1
70 139 2
70 142 1
70 143 1
70 157 1
70 159 1
70 162 1
70 172 2
70 186 1
70 192 1
70 198 1
71 101 4
71 109 1
71 112 3
71 115 1
71 121 1
71 123 1
71 140 1
71 150 2
71 157 1
71 159 2
71 163 1
71 182 5
71 185 2
71 195 1
71 198 1
72 106 1
72 115 1
72 129 1
72 139 2
72 142 1
72 145 1
72 154 1
72 165 1
72 179 2
72 180 2
72 188 2
72 195 2
72 199 1
73 116 2
73 129 1
73 130 3
73 131 1
73 132 1
73 139 1
73 141 1
73 149 3
73 163 1
73 165 1
73 171 1
73 179 2
73 182 2
73 196 2
73 200 1
74 107 2
74 117 1
74 120 2
74 128 3
74 130 1
74 132 3
74 134 1
74 135 1
74 136 1
74 137 1
74 145 1
74 156 1
74 159 2
74 165 1
74 172 3
74 181 2
74 182 4
74 184 1
75 102 5
75 110 4
75 115 1
75 120 3
75 130 1
75 132 2
75 141 2
75 143 6
75 144 1
75 149 3
75 154 1
75 163 1
75 165 1
75 176 2
75 199 3
76 109 1
76 124 1
76 139 1
76 140 3
76 152 1
76 154 1
76 156 1
76 158 1
76 164 2
76 169 2
76 171 2
76 177 1
76 196 3
76 197 2
77 110 1
77 121 1
77 128 1
77 129 1
77 132 2
77 144 2
77 150 2
77 151 1
77 161 1
77 179 1
77 194 1
77 199 1
78 104 3
78 105 1
78 126 1
78 127 3
78 130 1
78 135 1
78 141 1
78 153 2
78 162 2
78 171 2
78 172 1
78 184 2
78 186 1
78 193 3
78 200 1
79 107 2
79 109 4
79 115 1
79 126 1
79 137 1
79 138 1
79 146 3
79 149 2
79 150 2
79 158 3
79 167 1
79 168 1
79 178 1
79 194 1
79 198 2
79 199 1
80 104 1
80 106 2
80 115 1
80 119 1
80 132 1
80 138 2
80 143 3
80 144 2
80 156 2
80 176 3
80 185 2
80 193 1
81 110 1
81 111 1
81 116 1
81 125 1
81 132 1
81 140 1
81 141 2
81 153 1
81 162 1
81 168 1
81 174 1
81 177 1
81 180 2
81 182 1
81 190 1
82 101 1
82 104 1
82 116 1
82 127 1
82 132 3
82 133 1
82 135 1
82 137 2
82 148 2
82 149 5
82 158 1
82 166 1
82 173 1
82 175 1
82 186 1
82 198 6
83 101 1
83 108 1
83 111 1
83 113 1
83 115 1
83 122 1
83 125 1
83 126 2
83 140 1
83 148 2
83 149 4
83 166 2
83 178 1
83 183 2
83 192 1
84 102 2
84 125 3
84 128 1
84 131 1
84 134 1
84 138 2
84 166 2
84 179 1
84 181 1
84 183 1
84 199 6
84 200 2
85 102 1
85 123 1
85 127 2
85 129 1
85 130 1
85 131 1
85 132 1
85 134 1
85 136 1
85 149 1
85 160 1
85 162 2
85 171 1
85 174 1
85 181 1
85 185 2
85 190 1
85 192 2
85 196 1
86 101 1
86 104 1
86 120 1
86 136 1
86 143 1
86 146 1
86 173 1
86 176 1
86 183 2
86 187 2
86 190 2
86 191 2
87 115 1
87 117 1
87 141 2
87 154 2
87 170 4
87 174 2
87 178 1
87 185 1
87 188 1
87 193 1
87 197 1
88 109 1
88 115 1
88 123 2
88 139 1
88 142 1
88 143 1
88 168 2
88 185 1
88 190 3
88 196 2
89 102 1
89 120 2
89 123 2
89 137 1
89 149 1
89 153 1
89 167 2
89 174 2
89 176 1
89 182 1
89 185 3
89 194 3
89 197 1
89 199 1
90 105 1
90 111 3
90 115 1
90 121 1
90 134 1
90 135 2
90 157 3
90 160 1
90 166 1
90 169 2
90 194 1
91 103 1
91 104 1
91 105 1
91 108 1
91 114 1
91 115 2
91 120 1
91 128 1
91 141 1
91 142 1
91 145 3
91 149 6
91 169 3
91 174 1
91 187 1
91 188 4
91 190 2
92 101 2
92 105 1
92 119 1
92 121 1
92 137 1
92 139 1
92 150 2
92 157 2
92 162 1
92 163 1
92 170 1
92 172 2
92 183 1
92 195 2
92 198 1
93 116 1
93 120 1
93 136 1
93 152 2
93 163 4
93 169 1
93 171 1
93 182 1
93 191 2
93 197 1
94 111 1
94 114 2
94 142 1
94 148 3
94 162 1
94 163 1
94 169 1
94 173 1
94 181 1
94 187 3
95 101 2
95 107 1
95 111 1
95 113 2
95 116 1
95 118 1
95 119 1
95 123 3
95 124 1
95 126 1
95 135 1
95 149 1
95 154 2
95 156 4
95 158 1
95 160 2
95 162 2
95 168 2
95 169 1
95 192 2
95 196 2
95 197 2
96 117 1
96 119 1
96 120 5
96 122 2
96 123 1
96 129 1
96 140 1
96 150 1
96 155 2
96 156 1
96 163 1
96 168 1
96 171 1
96 181 1
96 199 1
97 124 1
97 125 2
97 139 1
97 141 1
97 142 1
97 145 1
97 155 1
97 158 1
97 161 1
97 162 1
97 165 2
97 176 1
97 183 1
97 186 2
97 189 2
97 198 1
97 200 4
98 103 4
98 104 1
98 110 1
98 120 2
98 124 1
98 126 2
98 134 1
98 136 1
98 144 1
98 146 1
98 148 3
98 149 3
98 156 1
98 166 4
98 173 1
98 181 1
98 195 1
99 105 1
99 106 1
99 107 1
99 112 1
99 126 2
99 128 1
99 129 1
99 132 2
99 136 1
99 147 5
99 161 1
99 171 2
99 176 4
99 182 1
99 188 1
99 192 2
99 193 2
100 106 2
100 107 1
100 110 1
100 114 3
100 117 2
100 126 1
100 128 4
100 129 1
100 136 1
100 137 1
100 138 1
100 139 1
100 149 1
100 151 1
100 153 1
100 155 1
100 168 3
100 172 1
100 173 2
100 177 1
100 178 1
100 186 1
100 188 1
100 190 3
100 198 1
