100 100 20 5513
#constraints
107 110
101 112
103 115
112 128
133 139
130 141
120 143
141 146
139 149
148 161
133 164
158 166
144 167
162 168
177 179
125 180
137 189
156 191
112 198
109 200
#edges
1 101 1
1 102 2
1 103 1
1 104 1
1 105 5
1 106 2
1 108 1
1 111 3
1 113 5
1 116 2
1 117 2
1 118 1
1 120 1
1 121 1
1 123 2
1 126 1
1 127 1
1 130 1
1 131 1
1 132 1
1 135 1
1 136 2
1 139 1
1 140 3
1 141 1
1 142 1
1 144 1
1 146 1
1 147 1
1 149 1
1 150 1
1 154 1
1 155 1
1 156 1
1 158 5
1 159 3
1 162 1
1 165 1
1 166 1
1 168 1
1 169 5
1 170 1
1 172 1
1 173 1
1 175 1
1 176 1
1 178 1
1 179 1
1 188 1
1 189 2
1 190 2
1 192 1
1 194 1
1 195 1
1 196 1
1 198 1
1 200 1
2 101 4
2 102 1
2 104 1
2 106 2
2 108 2
2 110 1
2 112 1
2 116 1
2 118 1
2 119 2
2 120 1
2 122 1
2 124 2
2 128 3
2 129 1
2 130 1
2 132 5
2 135 1
2 139 1
2 143 2
2 146 2
2 148 2
2 150 1
2 152 1
2 154 1
2 156 1
2 157 1
2 162 1
2 164 2
2 167 4
2 169 1
2 175 2
2 179 2
2 182 2
2 183 2
2 184 1
2 186 1
2 190 1
2 193 2
2 196 2
2 197 1
2 199 3
3 101 1
3 102 1
3 104 2
3 106 1
3 107 1
3 109 3
3 110 4
3 111 3
3 113 1
3 115 1
3 116 1
3 121 1
3 124 2
3 125 1
3 128 1
3 129 2
3 130 2
3 131 1
3 133 2
3 134 1
3 136 2
3 137 2
3 139 3
3 140 2
3 141 1
3 142 1
3 144 1
3 145 4
3 146 1
3 149 1
3 150 1
3 151 1
3 153 1
3 156 2
3 162 1
3 170 1
3 172 7
3 173 1
3 174 2
3 175 2
3 176 1
3 178 2
3 182 3
3 183 2
3 184 1
3 185 1
3 186 1
3 187 1
3 188 1
3 191 1
3 194 1
3 195 1
3 196 2
3 199 1
4 101 1
4 102 1
4 103 1
4 104 1
4 106 1
4 108 2
4 109 1
4 111 2
4 112 2
4 114 1
4 115 4
4 116 1
4 117 2
4 118 2
4 119 2
4 120 1
4 121 2
4 123 3
4 126 2
4 132 1
4 133 1
4 134 3
4 135 1
4 137 1
4 141 7
4 142 1
4 143 5
4 147 1
4 149 2
4 150 1
4 151 1
4 153 1
4 155 1
4 158 3
4 159 1
4 161 1
4 163 1
4 166 1
4 173 1
4 174 1
4 175 1
4 176 1
4 178 2
4 180 2
4 181 1
4 182 3
4 183 1
4 184 3
4 187 3
4 193 2
4 195 1
4 196 1
4 197 2
4 199 1
4 200 2
5 101 1
5 102 1
5 103 2
5 104 1
5 105 1
5 106 1
5 107 1
5 108 1
5 109 1
5 110 1
5 111 1
5 112 1
5 113 2
5 114 5
5 115 1
5 118 1
5 119 2
5 121 1
5 123 1
5 124 2
5 125 4
5 129 1
5 131 1
5 132 1
5 135 2
5 137 1
5 139 2
5 140 2
5 142 1
5 143 1
5 144 2
5 145 2
5 147 1
5 151 2
5 153 1
5 158 1
5 159 2
5 160 1
5 161 2
5 162 1
5 163 2
5 165 2
5 168 2
5 169 2
5 170 1
5 172 1
5 173 1
5 174 1
5 175 2
5 176 1
5 178 3
5 179 2
5 181 1
5 184 1
5 185 1
5 186 1
5 187 4
5 192 3
5 193 1
5 195 1
5 196 1
5 198 1
5 199 3
5 200 2
6 105 1
6 106 2
6 107 1
6 109 1
6 110 5
6 111 1
6 112 2
6 113 1
6 115 1
6 116 1
6 117 1
6 118 2
6 121 1
6 122 1
6 123 1
6 125 3
6 126 2
6 128 1
6 131 2
6 132 1
6 134 1
6 136 1
6 138 1
6 139 1
6 143 2
6 144 1
6 146 2
6 148 1
6 149 2
6 150 1
6 151 1
6 153 2
6 154 2
6 157 3
6 159 1
6 160 1
6 161 1
6 164 1
6 165 2
6 166 2
6 169 1
6 171 1
6 172 2
6 174 1
6 176 1
6 178 1
6 179 1
6 180 2
6 184 1
6 185 2
6 187 1
6 188 2
6 190 1
6 191 1
6 192 1
6 193 2
6 194 1
6 195 2
6 196 2
6 197 3
7 101 1
7 107 2
7 108 1
7 109 1
7 113 2
7 115 1
7 116 1
7 119 2
7 120 1
7 121 1
7 123 1
7 125 2
7 128 2
7 130 1
7 131 1
7 134 1
7 136 2
7 137 1
7 138 1
7 139 1
7 140 2
7 145 1
7 146 1
7 148 1
7 150 3
7 153 1
7 154 1
7 155 1
7 156 1
7 157 2
7 160 1
7 161 1
7 162 2
7 163 1
7 165 3
7 166 1
7 168 1
7 171 1
7 173 1
7 174 1
7 175 4
7 176 2
7 178 1
7 180 1
7 182 1
7 185 1
7 187 1
7 188 4
7 189 1
7 191 1
7 194 7
7 196 2
7 197 2
7 198 3
7 200 1
8 102 1
8 107 1
8 113 1
8 117 1
8 118 1
8 119 1
8 122 1
8 123 1
8 125 1
8 128 3
8 129 2
8 130 3
8 131 1
8 132 1
8 133 2
8 135 1
8 136 1
8 137 1
8 138 3
8 139 1
8 140 1
8 141 1
8 143 1
8 145 3
8 147 5
8 154 2
8 155 1
8 156 1
8 157 1
8 159 2
8 161 1
8 162 1
8 163 1
8 164 2
8 165 1
8 166 1
8 171 3
8 174 1
8 175 2
8 176 1
8 177 2
8 178 2
8 179 1
8 180 1
8 182 2
8 183 1
8 184 1
8 187 1
8 188 1
8 189 2
8 190 1
8 191 1
8 192 2
8 193 1
8 197 1
8 198 1
8 199 1
8 200 3
9 101 2
9 103 2
9 104 1
9 105 1
9 109 1
9 110 2
9 111 1
9 112 1
9 113 1
9 115 2
9 116 2
9 120 1
9 121 1
9 123 2
9 124 2
9 126 1
9 127 1
9 130 1
9 131 1
9 132 1
9 133 1
9 134 1
9 135 4
9 136 1
9 137 1
9 141 2
9 147 1
9 149 1
9 150 1
9 151 1
9 152 1
9 156 1
9 157 1
9 162 3
9 164 1
9 167 1
9 169 1
9 170 1
9 171 1
9 172 5
9 174 3
9 178 1
9 179 1
9 181 1
9 184 2
9 185 1
9 187 1
9 188 2
9 189 1
9 191 1
9 194 2
9 197 1
9 198 1
9 200 1
10 101 1
10 102 1
10 103 1
10 104 4
10 107 1
10 108 1
10 110 1
10 111 3
10 112 1
10 115 1
10 116 1
10 117 1
10 118 1
10 119 2
10 121 1
10 122 1
10 125 2
10 128 1
10 130 1
10 133 1
10 136 1
10 138 4
10 139 1
10 142 1
10 143 1
10 144 1
10 146 1
10 151 1
10 152 1
10 154 1
10 155 1
10 156 2
10 158 1
10 160 1
10 162 4
10 163 1
10 168 2
10 172 1
10 173 2
10 176 2
10 181 1
10 184 1
10 185 1
10 186 1
10 188 2
10 189 2
10 190 2
10 191 1
10 192 1
10 193 1
10 194 1
10 195 1
10 196 1
10 200 1
11 101 6
11 103 1
11 105 1
11 107 1
11 109 1
11 112 4
11 114 4
11 115 1
11 116 1
11 117 2
11 118 1
11 119 2
11 120 1
11 121 1
11 123 2
11 124 2
11 125 1
11 127 1
11 128 1
11 129 1
11 130 2
11 131 1
11 132 1
11 134 1
11 135 1
11 136 1
11 137 1
11 138 1
11 139 1
11 140 1
11 141 1
11 142 1
11 143 1
11 144 3
11 145 2
11 147 1
11 149 1
11 150 1
11 153 1
11 154 2
11 159 3
11 160 1
11 162 1
11 165 1
11 167 2
11 170 1
11 171 1
11 174 3
11 176 2
11 177 2
11 178 1
11 180 2
11 181 1
11 182 1
11 183 1
11 185 1
11 186 4
11 187 1
11 188 1
11 189 1
11 190 2
11 195 3
11 199 1
11 200 2
12 104 2
12 105 1
12 107 3
12 108 1
12 112 1
12 115 1
12 116 1
12 117 1
12 118 7
12 121 1
12 122 2
12 123 1
12 125 1
12 127 2
12 128 2
12 130 2
12 131 1
12 135 1
12 137 1
12 138 1
12 139 2
12 141 1
12 142 1
12 143 2
12 144 3
12 145 1
12 146 1
12 151 1
12 152 2
12 153 1
12 155 5
12 156 1
12 158 2
12 159 1
12 162 1
12 164 1
12 165 1
12 166 1
12 167 1
12 168 1
12 169 3
12 170 1
12 172 1
12 173 1
12 175 1
12 181 1
12 183 4
12 184 1
12 185 1
12 188 2
12 190 3
12 192 1
12 193 1
12 196 1
12 197 1
13 102 1
13 104 1
13 105 1
13 108 1
13 110 1
13 113 2
13 114 2
13 115 1
13 118 3
13 119 1
13 121 1
13 122 2
13 124 2
13 128 5
13 129 2
13 130 2
13 133 2
13 134 2
13 136 1
13 137 1
13 138 1
13 141 2
13 143 1
13 147 3
13 149 1
13 151 1
13 152 4
13 153 1
13 155 1
13 156 2
13 158 2
13 160 2
13 164 1
13 166 1
13 169 1
13 170 1
13 173 1
13 175 1
13 176 1
13 177 1
13 178 5
13 179 2
13 182 2
13 183 3
13 184 2
13 185 2
13 186 2
13 187 2
13 188 1
13 189 1
13 191 2
13 192 2
13 194 2
13 195 2
13 196 1
13 197 1
13 199 2
13 200 1
14 102 2
14 103 2
14 104 1
14 106 2
14 108 3
14 109 1
14 111 2
14 112 1
14 115 1
14 117 1
14 118 2
14 119 2
14 121 1
14 122 3
14 123 1
14 125 1
14 127 1
14 131 1
14 135 2
14 137 1
14 138 1
14 140 1
14 141 2
14 142 1
14 143 1
14 145 1
14 146 1
14 148 1
14 151 1
14 154 2
14 156 2
14 158 1
14 159 1
14 161 1
14 162 1
14 164 1
14 165 3
14 167 1
14 170 1
14 171 2
14 172 1
14 174 1
14 175 2
14 177 1
14 178 3
14 179 1
14 180 1
14 181 1
14 182 1
14 185 1
14 187 1
14 188 1
14 190 1
14 191 2
14 192 1
14 193 2
14 195 1
14 198 1
14 200 1
15 102 1
15 105 1
15 108 1
15 112 2
15 113 2
15 114 2
15 116 2
15 117 1
15 118 3
15 119 1
15 120 1
15 121 1
15 122 1
15 128 2
15 134 2
15 135 2
15 137 1
15 140 1
15 142 1
15 143 1
15 144 1
15 145 1
15 147 2
15 149 1
15 151 1
15 152 1
15 153 2
15 154 2
15 155 1
15 156 1
15 157 2
15 158 2
15 159 2
15 160 2
15 161 1
15 162 1
15 163 3
15 168 1
15 169 4
15 170 1
15 171 1
15 172 1
15 178 1
15 180 2
15 182 1
15 183 1
15 184 1
15 187 1
15 189 1
15 190 2
15 191 1
15 192 2
15 195 1
15 198 1
15 199 2
15 200 1
16 101 2
16 102 2
16 103 2
16 105 2
16 106 1
16 109 1
16 112 1
16 113 1
16 114 3
16 115 2
16 116 1
16 118 1
16 119 1
16 120 2
16 121 1
16 122 1
16 124 1
16 126 1
16 130 2
16 131 2
16 132 1
16 134 1
16 135 1
16 136 1
16 138 2
16 140 1
16 142 1
16 143 4
16 144 2
16 147 1
16 148 2
16 149 1
16 152 2
16 154 2
16 156 1
16 157 1
16 158 1
16 160 1
16 161 1
16 162 1
16 164 2
16 165 1
16 166 1
16 169 2
16 170 2
16 172 1
16 173 1
16 174 1
16 175 2
16 176 1
16 178 1
16 179 2
16 183 1
16 184 3
16 185 1
16 186 3
16 187 1
16 191 2
16 192 1
16 193 1
16 195 3
16 198 1
16 199 1
16 200 1
17 101 1
17 103 2
17 104 3
17 105 1
17 106 1
17 107 1
17 109 1
17 112 1
17 113 2
17 115 3
17 119 1
17 121 1
17 122 1
17 123 1
17 124 1
17 125 1
17 126 1
17 132 1
17 133 3
17 140 1
17 141 1
17 142 1
17 143 1
17 144 1
17 146 1
17 147 1
17 148 1
17 149 2
17 151 1
17 156 2
17 157 1
17 160 1
17 163 1
17 164 2
17 166 1
17 168 3
17 172 2
17 173 1
17 178 1
17 182 2
17 185 1
17 186 1
17 187 2
17 188 1
17 190 1
17 192 3
17 193 3
17 197 1
17 199 1
18 101 3
18 102 1
18 104 1
18 105 5
18 107 2
18 108 1
18 109 1
18 110 1
18 112 1
18 113 1
18 114 1
18 116 4
18 119 3
18 123 1
18 124 1
18 125 1
18 126 1
18 127 1
18 129 2
18 130 2
18 131 2
18 132 1
18 133 2
18 134 1
18 137 1
18 138 1
18 139 1
18 141 1
18 142 1
18 144 3
18 145 1
18 146 1
18 147 3
18 148 2
18 150 1
18 152 1
18 153 3
18 155 1
18 156 2
18 158 2
18 160 1
18 161 1
18 162 1
18 166 1
18 171 2
18 172 1
18 174 1
18 175 2
18 176 3
18 177 1
18 178 3
18 179 1
18 181 2
18 182 2
18 183 1
18 184 3
18 185 1
18 190 2
18 194 1
18 195 1
19 101 1
19 104 2
19 105 2
19 110 1
19 111 1
19 115 1
19 116 1
19 117 1
19 118 1
19 119 2
19 120 1
19 121 1
19 123 1
19 125 1
19 127 1
19 128 1
19 129 3
19 130 2
19 132 1
19 135 3
19 138 4
19 140 1
19 142 2
19 145 1
19 147 3
19 148 1
19 149 2
19 150 3
19 152 1
19 155 2
19 160 2
19 161 1
19 164 2
19 165 1
19 168 1
19 169 1
19 170 1
19 176 2
19 177 2
19 178 2
19 182 2
19 183 1
19 185 1
19 186 1
19 187 2
19 190 3
19 191 1
19 193 1
19 195 2
19 196 1
19 200 1
20 103 2
20 106 1
20 108 1
20 110 1
20 111 4
20 112 4
20 114 1
20 115 1
20 116 2
20 118 1
20 119 2
20 122 2
20 124 2
20 125 1
20 126 3
20 127 1
20 128 1
20 132 1
20 133 1
20 134 1
20 135 1
20 137 1
20 138 1
20 139 2
20 141 1
20 142 2
20 144 1
20 146 1
20 147 1
20 148 2
20 149 1
20 153 1
20 155 3
20 157 2
20 159 1
20 161 1
20 162 1
20 168 1
20 170 1
20 174 4
20 177 1
20 178 2
20 182 2
20 183 1
20 185 1
20 189 1
20 190 1
20 192 1
20 193 1
20 197 1
20 198 1
21 101 1
21 105 1
21 106 1
21 107 1
21 108 1
21 114 1
21 115 1
21 117 1
21 118 1
21 119 1
21 120 1
21 125 2
21 126 1
21 127 1
21 130 1
21 131 1
21 133 4
21 134 1
21 136 1
21 137 2
21 139 1
21 143 1
21 144 1
21 145 1
21 148 2
21 149 3
21 150 2
21 152 1
21 153 1
21 154 1
21 155 3
21 157 1
21 159 2
21 161 1
21 162 1
21 163 2
21 165 3
21 166 1
21 167 1
21 178 3
21 179 2
21 180 1
21 182 1
21 183 1
21 186 1
21 189 1
21 190 1
21 192 1
21 195 8
21 196 1
21 198 2
21 200 2
22 102 1
22 103 2
22 105 2
22 107 1
22 109 1
22 112 3
22 113 3
22 115 1
22 119 1
22 120 2
22 122 2
22 123 2
22 128 1
22 129 1
22 130 1
22 132 1
22 135 2
22 138 1
22 140 2
22 141 1
22 143 1
22 144 3
22 145 1
22 150 1
22 153 1
22 154 1
22 155 2
22 157 1
22 158 3
22 161 2
22 162 1
22 163 1
22 164 1
22 165 3
22 167 2
22 168 1
22 169 1
22 172 1
22 174 1
22 177 1
22 178 3
22 183 2
22 187 1
22 188 1
22 190 1
22 191 1
22 192 2
22 193 1
22 195 1
22 197 6
22 198 1
22 199 1
23 101 1
23 104 3
23 105 1
23 107 1
23 108 1
23 111 1
23 112 1
23 113 2
23 114 1
23 115 1
23 117 1
23 119 1
23 121 1
23 123 1
23 124 1
23 128 1
23 129 1
23 130 1
23 131 2
23 133 1
23 137 1
23 138 1
23 145 2
23 146 2
23 148 1
23 150 2
23 153 2
23 154 1
23 155 2
23 157 2
23 158 1
23 159 1
23 161 1
23 164 1
23 165 1
23 167 2
23 170 1
23 171 2
23 173 1
23 174 1
23 175 2
23 179 2
23 180 1
23 182 1
23 183 1
23 185 1
23 186 1
23 188 1
23 189 1
23 192 1
23 194 1
23 197 1
23 198 4
23 200 2
24 101 2
24 102 3
24 105 1
24 108 6
24 109 3
24 111 1
24 112 2
24 114 1
24 115 1
24 117 2
24 118 3
24 119 1
24 121 2
24 124 1
24 125 2
24 126 4
24 132 1
24 133 2
24 135 1
24 136 3
24 138 2
24 139 2
24 141 6
24 142 1
24 144 1
24 146 2
24 149 3
24 150 1
24 152 2
24 153 1
24 154 1
24 155 1
24 156 1
24 157 2
24 158 2
24 161 1
24 162 1
24 163 1
24 164 2
24 165 1
24 166 2
24 167 2
24 169 1
24 173 1
24 174 2
24 177 1
24 178 3
24 181 1
24 183 1
24 185 1
24 186 2
24 189 1
24 190 4
24 193 1
24 194 1
24 195 1
24 197 1
25 102 2
25 104 1
25 106 2
25 107 1
25 108 2
25 109 1
25 110 1
25 113 2
25 114 1
25 115 1
25 121 2
25 122 1
25 123 1
25 124 2
25 125 1
25 126 3
25 130 2
25 136 1
25 139 3
25 141 1
25 142 4
25 143 1
25 144 1
25 145 1
25 148 1
25 150 1
25 151 2
25 152 3
25 153 1
25 158 1
25 160 1
25 161 1
25 163 3
25 164 1
25 165 4
25 167 1
25 169 1
25 170 1
25 171 1
25 172 1
25 175 1
25 178 1
25 179 1
25 182 2
25 184 1
25 185 1
25 186 1
25 189 2
25 191 2
25 193 1
25 194 2
25 198 1
25 199 1
26 101 3
26 102 1
26 103 1
26 104 3
26 105 1
26 106 1
26 107 1
26 108 2
26 109 1
26 112 4
26 115 1
26 117 1
26 118 4
26 119 1
26 120 2
26 124 1
26 125 1
26 126 1
26 127 2
26 128 1
26 129 1
26 130 1
26 131 2
26 132 1
26 133 2
26 136 1
26 138 1
26 140 2
26 141 1
26 142 1
26 149 2
26 151 3
26 154 1
26 157 2
26 158 2
26 159 5
26 160 1
26 178 1
26 179 2
26 181 4
26 182 2
26 184 2
26 186 1
26 187 2
26 188 2
26 189 1
26 190 1
26 191 1
26 193 1
26 195 3
26 197 1
26 199 2
26 200 1
27 101 2
27 102 1
27 103 1
27 104 1
27 105 1
27 106 1
27 109 1
27 110 1
27 111 2
27 114 1
27 115 2
27 117 1
27 120 1
27 121 1
27 123 1
27 124 2
27 126 1
27 127 1
27 129 1
27 130 1
27 131 2
27 135 1
27 136 1
27 138 1
27 140 3
27 141 1
27 142 1
27 143 2
27 144 2
27 148 2
27 150 1
27 151 2
27 154 1
27 155 1
27 156 1
27 157 2
27 159 1
27 160 1
27 161 1
27 162 1
27 163 2
27 167 4
27 170 3
27 171 3
27 173 1
27 176 1
27 180 1
27 182 1
27 183 1
27 184 2
27 185 1
27 188 2
27 191 1
27 193 2
27 194 1
27 197 1
27 199 1
27 200 2
28 102 3
28 103 7
28 104 1
28 106 1
28 108 2
28 110 1
28 115 1
28 117 1
28 118 3
28 119 1
28 121 1
28 122 1
28 123 1
28 128 2
28 131 1
28 133 2
28 134 1
28 136 2
28 138 3
28 140 4
28 141 1
28 142 1
28 144 1
28 145 2
28 146 1
28 148 1
28 149 3
28 151 1
28 152 1
28 153 3
28 154 1
28 155 2
28 156 1
28 159 2
28 160 1
28 161 2
28 163 2
28 165 1
28 166 1
28 171 1
28 173 1
28 176 2
28 177 1
28 180 1
28 181 3
28 182 1
28 183 1
28 184 1
28 187 1
28 188 2
28 191 2
28 194 1
28 195 1
28 198 2
28 199 2
29 101 1
29 103 5
29 104 2
29 106 2
29 108 2
29 109 1
29 110 1
29 113 1
29 114 1
29 117 1
29 118 1
29 119 1
29 121 2
29 124 1
29 125 1
29 130 1
29 132 2
29 135 2
29 137 1
29 138 1
29 141 1
29 150 1
29 152 2
29 162 1
29 163 1
29 168 1
29 171 1
29 172 1
29 173 1
29 176 1
29 179 1
29 182 1
29 185 3
29 187 2
29 188 2
29 190 2
29 191 1
29 192 1
29 193 1
29 194 3
29 195 3
29 196 1
29 197 3
29 198 1
29 199 2
29 200 1
30 101 1
30 103 1
30 105 5
30 107 1
30 108 1
30 111 1
30 112 1
30 113 1
30 114 1
30 116 1
30 117 1
30 118 1
30 119 2
30 121 1
30 123 1
30 126 2
30 127 1
30 128 1
30 129 1
30 130 1
30 131 1
30 133 1
30 134 1
30 135 1
30 137 3
30 138 3
30 139 1
30 140 1
30 142 1
30 144 1
30 148 1
30 149 1
30 154 3
30 157 1
30 158 3
30 159 1
30 162 1
30 163 2
30 164 1
30 166 1
30 167 1
30 170 1
30 171 1
30 172 1
30 176 2
30 178 2
30 183 4
30 184 1
30 185 3
30 186 2
30 188 1
30 189 1
30 190 2
30 191 3
30 192 1
30 195 1
30 196 1
30 197 2
30 198 2
30 199 2
31 101 1
31 103 1
31 104 1
31 108 3
31 109 1
31 110 1
31 111 1
31 114 1
31 115 1
31 117 1
31 118 1
31 119 1
31 120 1
31 121 1
31 122 1
31 123 1
31 124 2
31 125 1
31 127 1
31 129 3
31 130 2
31 132 3
31 133 1
31 136 1
31 137 1
31 140 1
31 141 1
31 142 1
31 143 1
31 144 1
31 145 1
31 146 1
31 149 1
31 151 1
31 155 1
31 156 1
31 157 1
31 158 1
31 160 1
31 161 1
31 162 3
31 164 1
31 165 3
31 166 2
31 170 1
31 171 1
31 174 2
31 176 2
31 178 1
31 183 1
31 184 1
31 186 3
31 189 1
31 191 1
31 192 3
31 196 3
31 198 1
31 200 2
32 103 1
32 106 1
32 109 1
32 110 3
32 111 3
32 113 2
32 115 1
32 119 1
32 120 2
32 121 1
32 122 1
32 124 2
32 125 1
32 136 1
32 138 2
32 139 1
32 144 1
32 146 2
32 147 2
32 148 1
32 150 1
32 152 1
32 155 2
32 156 1
32 157 2
32 158 1
32 160 1
32 162 2
32 163 1
32 164 2
32 167 1
32 170 1
32 171 3
32 176 1
32 178 1
32 182 2
32 183 4
32 184 1
32 185 3
32 186 3
32 187 2
32 190 2
32 193 1
32 194 1
32 195 1
32 199 2
33 102 1
33 103 1
33 104 1
33 108 1
33 111 2
33 115 1
33 116 1
33 117 1
33 119 1
33 121 1
33 122 4
33 124 1
33 126 1
33 127 2
33 130 1
33 131 2
33 135 2
33 136 1
33 138 1
33 139 2
33 140 2
33 141 2
33 142 3
33 143 1
33 144 2
33 145 1
33 146 2
33 147 1
33 148 1
33 149 1
33 150 2
33 153 1
33 154 2
33 157 1
33 158 4
33 160 2
33 161 3
33 162 1
33 163 2
33 168 1
33 170 2
33 171 1
33 172 2
33 178 2
33 180 3
33 182 2
33 183 2
33 185 1
33 186 1
33 187 1
33 188 1
33 192 3
33 194 4
33 195 1
33 196 2
33 199 1
34 101 3
34 103 3
34 104 3
34 105 1
34 106 3
34 108 2
34 109 1
34 110 1
34 112 2
34 114 1
34 116 2
34 117 1
34 118 2
34 120 3
34 123 1
34 125 1
34 126 2
34 129 1
34 131 3
34 134 2
34 135 1
34 136 2
34 137 1
34 138 2
34 139 1
34 141 1
34 144 1
34 145 1
34 146 2
34 147 2
34 148 1
34 149 1
34 152 2
34 156 1
34 160 1
34 161 3
34 162 2
34 163 1
34 165 1
34 168 3
34 171 2
34 173 2
34 174 1
34 175 4
34 176 1
34 182 1
34 183 1
34 185 4
34 186 1
34 188 2
34 190 1
34 191 3
34 193 2
34 196 1
34 197 2
34 198 1
34 200 2
35 102 1
35 104 2
35 106 1
35 107 1
35 108 1
35 111 1
35 114 1
35 115 2
35 117 4
35 120 2
35 121 2
35 123 3
35 124 4
35 125 1
35 128 1
35 129 2
35 131 2
35 133 1
35 140 1
35 142 3
35 143 3
35 144 2
35 146 5
35 148 1
35 149 1
35 153 1
35 155 1
35 158 2
35 160 2
35 161 1
35 162 1
35 163 1
35 166 1
35 168 2
35 169 1
35 173 1
35 174 5
35 175 1
35 184 2
35 186 1
35 191 1
35 194 1
35 195 3
35 197 1
36 101 1
36 102 1
36 103 1
36 104 3
36 105 1
36 106 1
36 109 7
36 111 1
36 112 2
36 114 1
36 115 1
36 122 1
36 125 1
36 126 2
36 127 4
36 130 1
36 132 1
36 133 2
36 135 2
36 136 1
36 138 1
36 139 1
36 145 1
36 146 2
36 151 1
36 152 1
36 154 1
36 157 1
36 158 1
36 160 1
36 161 1
36 163 4
36 164 2
36 165 1
36 166 2
36 169 4
36 170 1
36 172 2
36 174 2
36 177 1
36 182 1
36 185 2
36 187 1
36 188 1
36 189 1
36 192 2
36 195 1
37 101 1
37 102 1
37 103 2
37 104 1
37 105 1
37 107 1
37 108 1
37 109 1
37 111 1
37 112 3
37 114 1
37 115 1
37 116 1
37 119 4
37 121 1
37 125 3
37 126 5
37 127 1
37 129 1
37 130 1
37 131 3
37 132 1
37 138 4
37 139 1
37 140 1
37 142 1
37 149 5
37 150 1
37 151 1
37 157 1
37 158 1
37 159 1
37 160 3
37 161 1
37 162 1
37 163 2
37 164 1
37 167 3
37 168 1
37 169 1
37 171 1
37 172 3
37 174 5
37 176 1
37 177 2
37 179 1
37 180 1
37 182 3
37 183 2
37 185 1
37 186 1
37 191 5
37 192 2
37 194 1
37 195 2
37 196 2
38 101 1
38 102 1
38 103 2
38 104 1
38 106 1
38 107 2
38 108 1
38 109 1
38 111 1
38 112 1
38 114 1
38 117 1
38 118 1
38 119 1
38 121 1
38 124 1
38 127 1
38 129 1
38 130 3
38 132 1
38 133 1
38 134 3
38 135 1
38 136 3
38 137 1
38 138 1
38 139 1
38 141 1
38 142 1
38 143 2
38 148 1
38 152 1
38 156 1
38 158 1
38 161 1
38 165 3
38 166 2
38 167 1
38 171 1
38 172 1
38 174 2
38 175 2
38 176 1
38 177 1
38 179 2
38 180 2
38 181 5
38 184 1
38 187 2
38 191 1
38 193 1
38 194 1
38 195 2
38 197 1
38 199 1
38 200 1
39 102 1
39 104 1
39 105 1
39 106 1
39 107 1
39 109 2
39 110 1
39 111 1
39 112 2
39 113 1
39 115 2
39 117 1
39 118 2
39 119 1
39 120 1
39 121 5
39 122 1
39 123 1
39 126 1
39 128 1
39 129 2
39 130 1
39 133 1
39 135 1
39 138 1
39 139 3
39 140 2
39 144 3
39 145 1
39 147 2
39 148 1
39 149 1
39 150 1
39 151 1
39 153 2
39 154 1
39 160 1
39 161 2
39 162 1
39 163 1
39 165 1
39 167 1
39 170 3
39 173 2
39 174 2
39 175 2
39 177 1
39 182 1
39 183 1
39 185 1
39 186 2
39 189 5
39 190 1
39 194 1
39 195 1
39 196 1
40 101 1
40 102 5
40 103 1
40 104 1
40 105 1
40 107 3
40 109 1
40 110 1
40 111 2
40 112 1
40 113 1
40 117 2
40 118 2
40 119 1
40 121 3
40 123 1
40 124 2
40 127 4
40 128 1
40 129 1
40 130 1
40 132 1
40 133 1
40 134 1
40 140 3
40 141 1
40 142 2
40 146 1
40 147 2
40 148 1
40 153 1
40 154 2
40 156 5
40 159 1
40 160 1
40 161 1
40 162 1
40 166 1
40 169 1
40 170 1
40 171 1
40 174 1
40 178 3
40 179 1
40 180 3
40 181 1
40 184 1
40 186 2
40 187 1
40 188 2
40 189 1
40 190 1
40 191 2
40 193 3
40 194 2
40 195 1
40 198 1
40 200 1
41 102 1
41 104 2
41 105 2
41 106 1
41 107 1
41 108 1
41 109 1
41 110 2
41 111 3
41 112 1
41 115 1
41 117 2
41 118 4
41 120 4
41 124 2
41 125 2
41 126 1
41 127 1
41 128 2
41 130 1
41 134 1
41 135 1
41 138 3
41 141 3
41 142 1
41 143 1
41 144 1
41 145 1
41 148 1
41 151 1
41 152 1
41 156 1
41 158 3
41 160 2
41 162 2
41 163 2
41 164 2
41 167 1
41 168 1
41 169 6
41 171 1
41 173 1
41 174 2
41 175 2
41 178 2
41 179 1
41 181 1
41 183 2
41 189 1
41 192 1
41 193 1
41 195 2
41 199 1
42 103 1
42 106 1
42 108 1
42 111 1
42 112 2
42 113 1
42 114 1
42 117 1
42 118 1
42 119 4
42 120 1
42 123 3
42 124 1
42 125 1
42 127 1
42 129 1
42 134 2
42 135 1
42 136 4
42 138 1
42 139 1
42 142 2
42 144 1
42 145 1
42 147 1
42 148 1
42 150 2
42 151 2
42 152 4
42 153 1
42 159 1
42 160 1
42 162 3
42 163 2
42 164 1
42 166 1
42 171 3
42 174 1
42 177 1
42 178 1
42 186 1
42 188 1
42 189 1
42 190 1
42 192 3
42 193 1
42 195 1
42 197 2
42 198 1
42 200 1
43 101 2
43 102 2
43 103 1
43 105 1
43 107 1
43 108 1
43 109 1
43 113 1
43 116 3
43 118 1
43 119 2
43 120 1
43 121 1
43 122 1
43 123 1
43 125 2
43 128 1
43 129 1
43 130 2
43 131 2
43 132 2
43 133 1
43 134 1
43 135 1
43 136 2
43 137 1
43 138 2
43 139 3
43 141 1
43 142 2
43 144 1
43 147 2
43 149 1
43 150 1
43 151 1
43 153 1
43 154 1
43 155 2
43 157 1
43 158 1
43 163 2
43 164 2
43 166 1
43 169 1
43 171 1
43 172 1
43 173 1
43 177 3
43 179 2
43 181 1
43 182 1
43 183 4
43 184 4
43 185 2
43 193 2
43 195 2
43 196 2
43 197 2
43 198 4
43 199 1
43 200 1
44 102 2
44 108 2
44 110 1
44 113 1
44 115 2
44 116 1
44 117 1
44 119 1
44 120 7
44 121 1
44 123 4
44 126 1
44 127 1
44 128 1
44 129 1
44 130 1
44 131 1
44 133 2
44 134 1
44 135 1
44 137 1
44 138 1
44 139 1
44 141 1
44 143 3
44 144 1
44 145 1
44 147 1
44 148 2
44 150 2
44 151 2
44 153 2
44 154 2
44 158 3
44 164 2
44 166 2
44 167 2
44 168 1
44 169 2
44 170 1
44 171 2
44 172 2
44 173 1
44 174 3
44 175 1
44 176 2
44 178 1
44 179 1
44 180 5
44 182 1
44 183 2
44 184 2
44 185 1
44 187 1
44 188 1
44 190 1
44 193 1
44 199 1
44 200 1
45 103 1
45 104 1
45 105 2
45 109 1
45 111 2
45 112 1
45 113 1
45 114 2
45 116 1
45 117 3
45 118 1
45 119 2
45 121 1
45 124 1
45 127 1
45 129 1
45 130 2
45 132 1
45 134 2
45 135 1
45 137 2
45 138 1
45 139 1
45 140 1
45 143 2
45 144 1
45 147 2
45 148 6
45 149 1
45 150 1
45 153 1
45 154 1
45 155 1
45 156 2
45 158 3
45 161 1
45 163 1
45 164 1
45 165 1
45 171 3
45 172 1
45 174 1
45 175 1
45 176 1
45 177 1
45 178 1
45 180 2
45 181 2
45 182 2
45 183 5
45 184 1
45 185 1
45 187 1
45 189 2
45 190 2
45 191 1
45 192 1
45 194 3
45 196 1
45 198 1
45 199 1
46 102 1
46 103 3
46 104 1
46 108 2
46 109 1
46 110 3
46 111 1
46 112 2
46 116 1
46 118 1
46 120 2
46 122 1
46 123 1
46 125 1
46 126 1
46 127 5
46 128 1
46 129 1
46 130 1
46 134 3
46 135 1
46 137 1
46 138 1
46 140 2
46 141 1
46 144 1
46 150 1
46 151 1
46 152 5
46 153 1
46 154 2
46 156 1
46 157 1
46 158 1
46 159 4
46 160 1
46 161 1
46 162 1
46 163 1
46 166 1
46 167 1
46 170 2
46 171 1
46 172 1
46 173 1
46 174 2
46 175 1
46 180 1
46 182 1
46 183 1
46 185 1
46 186 2
46 188 2
46 190 1
46 191 2
46 194 2
46 195 1
46 197 1
46 198 1
46 200 1
47 105 1
47 106 2
47 108 1
47 117 1
47 119 1
47 121 1
47 122 1
47 126 1
47 127 1
47 128 1
47 129 1
47 131 3
47 132 1
47 133 1
47 134 1
47 142 1
47 144 2
47 146 1
47 150 3
47 152 2
47 153 1
47 154 1
47 155 1
47 157 1
47 158 3
47 160 2
47 162 1
47 163 3
47 164 1
47 170 2
47 172 1
47 173 2
47 176 3
47 177 2
47 183 1
47 185 1
47 187 2
47 192 1
47 194 1
47 195 3
47 196 1
47 197 1
47 198 2
48 102 1
48 103 2
48 105 1
48 109 1
48 110 1
48 111 1
48 113 1
48 116 1
48 118 1
48 119 1
48 120 1
48 121 1
48 123 3
48 126 2
48 128 1
48 129 1
48 131 1
48 132 1
48 133 1
48 136 2
48 137 1
48 138 1
48 142 5
48 146 1
48 147 1
48 148 1
48 151 1
48 153 2
48 155 6
48 156 3
48 157 1
48 159 1
48 160 2
48 163 3
48 164 1
48 165 1
48 166 5
48 167 5
48 169 1
48 170 1
48 171 1
48 172 3
48 174 2
48 175 4
48 176 2
48 177 2
48 178 4
48 181 1
48 185 1
48 186 2
48 187 2
48 188 1
48 189 3
48 192 6
48 195 3
48 196 2
48 197 2
48 198 2
48 199 4
49 105 3
49 107 1
49 109 3
49 110 1
49 111 2
49 112 2
49 114 1
49 117 3
49 119 1
49 120 1
49 122 4
49 124 1
49 125 1
49 126 4
49 128 1
49 129 1
49 130 1
49 131 1
49 134 2
49 136 3
49 137 2
49 138 1
49 140 1
49 141 1
49 145 1
49 147 2
49 148 1
49 149 1
49 151 1
49 153 2
49 158 2
49 160 3
49 162 1
49 164 1
49 165 3
49 166 2
49 169 1
49 171 3
49 172 3
49 174 1
49 175 2
49 176 2
49 178 2
49 179 1
49 182 4
49 183 6
49 185 1
49 186 2
49 187 4
49 189 1
49 195 2
49 196 2
49 198 2
49 200 1
50 101 1
50 102 2
50 109 2
50 111 5
50 113 1
50 114 1
50 118 2
50 119 1
50 120 2
50 125 1
50 127 1
50 128 2
50 132 3
50 133 2
50 137 2
50 141 2
50 142 2
50 145 1
50 148 2
50 153 3
50 154 1
50 155 2
50 156 4
50 157 2
50 161 3
50 165 1
50 167 1
50 171 2
50 173 2
50 174 1
50 175 1
50 176 1
50 182 1
50 183 1
50 186 1
50 187 3
50 189 3
50 190 1
50 191 1
50 192 2
50 193 3
50 194 1
50 195 2
50 196 1
50 200 1
51 102 1
51 103 2
51 104 1
51 105 1
51 107 2
51 108 1
51 110 1
51 114 1
51 115 1
51 117 1
51 118 1
51 121 2
51 125 2
51 126 1
51 127 1
51 128 1
51 129 2
51 130 3
51 131 1
51 136 1
51 137 2
51 138 2
51 140 1
51 141 2
51 142 1
51 144 6
51 146 1
51 147 1
51 149 1
51 151 1
51 152 1
51 153 2
51 154 1
51 155 4
51 156 1
51 160 1
51 161 2
51 163 2
51 164 4
51 166 2
51 170 4
51 173 3
51 174 2
51 177 4
51 178 1
51 179 3
51 180 4
51 182 1
51 187 1
51 188 1
51 191 2
51 192 1
51 193 1
51 197 1
51 198 1
51 199 2
51 200 1
52 103 6
52 105 2
52 108 2
52 109 1
52 116 1
52 117 1
52 119 1
52 120 1
52 121 1
52 123 1
52 124 1
52 125 2
52 128 2
52 129 4
52 131 1
52 132 1
52 133 1
52 134 1
52 137 1
52 138 4
52 143 4
52 144 1
52 146 4
52 147 1
52 149 3
52 152 1
52 155 4
52 157 1
52 158 1
52 159 3
52 160 1
52 163 3
52 164 2
52 166 2
52 167 2
52 172 1
52 173 2
52 174 2
52 175 4
52 176 1
52 178 1
52 180 2
52 181 1
52 182 1
52 183 2
52 184 2
52 186 3
52 190 3
52 191 1
52 193 3
52 194 1
52 196 1
52 199 2
53 103 2
53 105 1
53 106 1
53 107 3
53 108 2
53 109 1
53 111 1
53 112 3
53 113 1
53 115 1
53 118 1
53 120 1
53 121 2
53 123 2
53 125 1
53 127 2
53 130 1
53 132 1
53 134 1
53 138 2
53 141 2
53 142 1
53 143 1
53 144 4
53 145 1
53 146 1
53 150 1
53 152 1
53 153 1
53 154 2
53 155 1
53 156 1
53 157 1
53 158 1
53 159 1
53 160 2
53 161 3
53 162 1
53 165 1
53 166 1
53 169 1
53 170 1
53 171 1
53 172 3
53 174 4
53 176 1
53 179 1
53 180 2
53 181 1
53 182 1
53 183 1
53 184 2
53 185 3
53 186 1
53 188 1
53 190 1
53 191 3
53 193 1
53 195 2
53 197 4
53 198 1
53 200 1
54 101 1
54 102 1
54 103 2
54 106 1
54 107 2
54 110 3
54 111 1
54 113 2
54 114 2
54 116 3
54 117 2
54 118 1
54 121 3
54 122 1
54 123 1
54 126 1
54 127 1
54 128 1
54 129 1
54 133 1
54 135 2
54 139 2
54 140 2
54 141 2
54 143 1
54 144 1
54 145 1
54 147 1
54 150 1
54 151 1
54 154 2
54 156 1
54 157 1
54 158 1
54 159 1
54 160 2
54 163 2
54 164 2
54 166 1
54 167 2
54 172 3
54 173 1
54 175 2
54 177 2
54 179 3
54 182 1
54 183 1
54 185 1
54 186 1
54 187 2
54 193 1
54 194 1
54 195 1
54 197 1
54 199 2
54 200 2
55 102 1
55 104 2
55 105 2
55 106 2
55 108 6
55 109 2
55 110 1
55 113 2
55 114 1
55 115 1
55 116 1
55 123 3
55 124 1
55 126 4
55 127 4
55 128 1
55 130 1
55 132 1
55 134 2
55 135 1
55 136 1
55 137 4
55 141 3
55 143 1
55 149 1
55 150 1
55 151 1
55 154 2
55 156 2
55 159 3
55 160 1
55 162 2
55 164 2
55 166 1
55 167 1
55 168 1
55 169 1
55 176 3
55 180 3
55 181 1
55 183 5
55 184 1
55 185 2
55 186 1
55 187 2
55 188 1
55 189 4
55 191 1
55 192 1
55 194 1
55 196 1
55 197 2
55 198 1
55 199 1
55 200 4
56 101 1
56 106 2
56 107 1
56 108 3
56 109 1
56 111 1
56 112 1
56 114 1
56 120 1
56 121 1
56 122 3
56 125 3
56 127 1
56 128 2
56 129 1
56 130 2
56 131 1
56 133 2
56 134 1
56 135 2
56 137 2
56 138 1
56 139 2
56 141 1
56 142 1
56 146 1
56 149 1
56 150 2
56 153 1
56 155 1
56 157 1
56 161 2
56 164 1
56 165 7
56 167 1
56 168 1
56 169 1
56 170 3
56 171 1
56 172 1
56 173 1
56 175 1
56 176 4
56 181 1
56 182 2
56 183 1
56 184 1
56 185 5
56 186 2
56 187 3
56 189 1
56 190 1
56 191 1
56 192 1
56 198 1
56 199 5
56 200 4
57 101 1
57 102 1
57 104 5
57 107 1
57 108 1
57 109 2
57 110 2
57 116 2
57 118 1
57 120 1
57 123 1
57 125 1
57 126 2
57 127 1
57 130 1
57 131 1
57 132 1
57 133 1
57 134 2
57 135 1
57 136 1
57 140 1
57 144 1
57 147 3
57 148 1
57 150 1
57 152 1
57 153 1
57 154 1
57 155 1
57 156 1
57 162 1
57 164 1
57 166 2
57 167 2
57 169 1
57 171 1
57 173 1
57 175 1
57 176 1
57 177 1
57 180 1
57 183 1
57 184 2
57 185 1
57 186 1
57 188 1
57 191 1
57 196 1
57 197 1
57 198 2
57 199 1
58 101 1
58 102 1
58 106 1
58 107 1
58 108 1
58 109 1
58 110 3
58 111 1
58 113 1
58 114 1
58 115 1
58 116 1
58 118 1
58 121 1
58 122 1
58 123 2
58 129 3
58 130 4
58 132 1
58 134 1
58 135 1
58 136 3
58 137 1
58 138 1
58 139 1
58 141 3
58 142 3
58 144 1
58 146 2
58 147 1
58 150 4
58 151 1
58 152 1
58 154 2
58 157 2
58 159 5
58 161 1
58 162 4
58 163 1
58 165 1
58 166 3
58 169 1
58 171 3
58 173 1
58 174 1
58 176 1
58 177 1
58 178 2
58 180 1
58 181 1
58 182 2
58 184 3
58 186 1
58 187 1
58 188 1
58 189 2
58 190 1
58 193 1
58 194 1
58 195 1
58 196 2
58 197 1
58 199 1
59 101 2
59 102 1
59 104 2
59 105 1
59 106 1
59 111 1
59 115 1
59 117 4
59 118 3
59 120 1
59 122 1
59 125 2
59 126 1
59 130 1
59 131 1
59 132 1
59 135 2
59 136 3
59 138 2
59 139 1
59 140 2
59 141 1
59 143 1
59 148 2
59 149 1
59 151 2
59 153 1
59 154 4
59 158 1
59 159 1
59 161 2
59 162 1
59 163 1
59 167 2
59 168 2
59 171 5
59 173 2
59 177 1
59 178 1
59 179 2
59 180 1
59 181 3
59 183 1
59 185 3
59 186 5
59 189 2
59 190 1
59 191 1
59 192 2
59 193 2
59 194 2
59 195 2
59 196 1
59 198 2
59 199 1
59 200 1
60 101 1
60 104 2
60 106 1
60 109 1
60 110 1
60 111 1
60 113 1
60 114 1
60 115 1
60 119 1
60 122 1
60 124 1
60 125 1
60 127 4
60 130 1
60 132 1
60 136 2
60 137 1
60 138 2
60 142 1
60 143 1
60 144 1
60 145 1
60 148 1
60 150 1
60 151 1
60 152 1
60 153 3
60 154 3
60 155 3
60 165 1
60 167 1
60 168 2
60 172 4
60 173 6
60 175 1
60 176 2
60 180 1
60 181 1
60 182 2
60 183 1
60 184 1
60 186 1
60 187 1
60 189 4
60 194 1
60 195 3
60 196 1
60 197 2
60 198 2
60 200 1
61 101 1
61 103 3
61 104 2
61 105 1
61 108 1
61 109 1
61 113 2
61 115 2
61 117 1
61 118 1
61 119 2
61 120 1
61 121 1
61 124 1
61 125 1
61 126 2
61 130 1
61 137 2
61 140 2
61 142 1
61 148 1
61 149 1
61 150 1
61 151 2
61 153 2
61 157 1
61 159 1
61 160 2
61 161 1
61 162 1
61 163 1
61 164 2
61 168 4
61 170 2
61 171 1
61 174 1
61 175 1
61 176 1
61 178 1
61 180 2
61 182 2
61 184 3
61 185 1
61 186 1
61 187 1
61 190 2
61 193 1
61 194 1
61 195 1
61 197 1
61 198 2
62 102 2
62 103 1
62 105 2
62 107 1
62 109 1
62 110 2
62 112 1
62 113 3
62 117 1
62 118 1
62 119 2
62 120 3
62 124 1
62 126 2
62 128 1
62 132 1
62 134 1
62 137 2
62 139 2
62 140 1
62 141 1
62 142 1
62 143 1
62 144 1
62 145 1
62 151 1
62 152 3
62 154 1
62 155 1
62 156 1
62 158 1
62 160 2
62 161 2
62 162 2
62 163 2
62 166 3
62 167 1
62 168 1
62 169 2
62 170 2
62 173 3
62 180 1
62 181 1
62 183 2
62 185 1
62 186 3
62 188 2
62 190 2
62 195 2
62 196 2
62 197 2
62 199 1
62 200 1
63 101 2
63 106 1
63 108 1
63 111 3
63 115 1
63 116 2
63 118 1
63 119 1
63 121 1
63 124 1
63 126 2
63 129 3
63 130 1
63 134 1
63 137 1
63 138 1
63 140 1
63 143 1
63 144 1
63 145 3
63 147 2
63 148 5
63 149 1
63 151 1
63 152 1
63 153 2
63 159 2
63 160 1
63 162 2
63 163 2
63 164 2
63 165 3
63 166 2
63 169 2
63 170 1
63 173 2
63 176 1
63 177 2
63 179 1
63 180 2
63 184 1
63 185 1
63 187 3
63 188 2
63 189 3
63 190 1
63 191 1
63 193 1
63 195 1
63 196 1
63 197 1
64 103 1
64 104 1
64 107 1
64 108 1
64 110 1
64 111 1
64 112 1
64 113 2
64 117 1
64 120 1
64 122 1
64 126 2
64 127 2
64 128 1
64 129 1
64 131 1
64 133 1
64 134 1
64 136 1
64 137 1
64 138 2
64 139 1
64 140 1
64 141 1
64 143 2
64 151 1
64 152 1
64 153 1
64 154 1
64 155 1
64 156 1
64 157 1
64 161 1
64 164 1
64 165 1
64 166 1
64 168 1
64 170 1
64 172 1
64 173 1
64 175 1
64 177 1
64 179 2
64 182 4
64 183 1
64 184 1
64 189 2
64 191 1
64 192 1
64 194 1
64 195 2
64 197 1
64 198 1
64 200 1
65 101 1
65 104 2
65 105 1
65 107 2
65 109 2
65 112 1
65 114 2
65 115 1
65 117 1
65 119 1
65 122 4
65 123 1
65 124 2
65 125 1
65 128 3
65 129 1
65 132 1
65 133 1
65 134 1
65 136 4
65 138 1
65 139 1
65 140 2
65 144 2
65 146 1
65 147 1
65 150 2
65 152 3
65 154 1
65 157 4
65 159 2
65 160 1
65 163 1
65 164 4
65 165 1
65 166 2
65 167 1
65 172 1
65 173 1
65 176 1
65 179 1
65 180 1
65 181 2
65 182 4
65 185 1
65 186 2
65 187 2
65 188 1
65 189 1
65 192 1
65 193 1
65 194 1
65 197 1
65 199 3
66 101 2
66 107 2
66 108 1
66 110 3
66 112 2
66 113 8
66 115 1
66 116 1
66 117 1
66 118 1
66 119 4
66 120 6
66 121 2
66 122 1
66 124 1
66 125 1
66 127 3
66 128 4
66 129 1
66 130 5
66 131 2
66 132 1
66 133 3
66 134 2
66 135 1
66 137 1
66 138 2
66 139 3
66 140 2
66 141 1
66 142 2
66 144 2
66 145 1
66 147 2
66 149 1
66 150 1
66 151 2
66 152 2
66 153 2
66 154 1
66 155 2
66 156 2
66 158 1
66 159 2
66 160 2
66 162 1
66 163 1
66 164 2
66 165 2
66 166 2
66 167 1
66 168 2
66 169 2
66 172 1
66 173 1
66 174 2
66 175 1
66 176 1
66 178 3
66 179 1
66 182 1
66 183 1
66 184 1
66 185 2
66 188 1
66 189 1
66 192 1
66 193 1
66 194 1
66 195 5
66 196 2
66 198 1
66 199 4
66 200 1
67 101 3
67 104 1
67 106 3
67 108 2
67 109 1
67 111 2
67 113 1
67 114 2
67 115 1
67 117 1
67 119 2
67 122 2
67 125 1
67 126 1
67 127 1
67 128 1
67 129 3
67 131 2
67 133 3
67 134 2
67 136 1
67 137 1
67 138 1
67 139 2
67 141 1
67 144 1
67 146 3
67 149 1
67 150 1
67 151 1
67 154 1
67 155 1
67 158 1
67 159 1
67 160 1
67 162 2
67 163 4
67 165 1
67 167 1
67 168 1
67 169 1
67 170 1
67 172 1
67 174 1
67 175 2
67 177 1
67 178 1
67 179 2
67 180 2
67 181 1
67 183 2
67 184 1
67 185 2
67 186 1
67 187 1
67 188 1
67 190 1
67 192 2
67 193 1
67 195 1
67 198 1
67 199 2
68 101 1
68 102 1
68 107 1
68 111 2
68 112 3
68 113 1
68 115 2
68 116 1
68 117 1
68 118 2
68 119 1
68 120 1
68 124 3
68 125 2
68 129 1
68 131 1
68 132 3
68 133 3
68 136 9
68 138 2
68 142 1
68 143 2
68 144 7
68 146 1
68 150 2
68 152 1
68 154 1
68 155 1
68 156 1
68 158 1
68 159 5
68 160 1
68 161 1
68 164 2
68 165 1
68 168 2
68 170 2
68 171 1
68 172 1
68 173 1
68 176 1
68 178 3
68 179 1
68 180 1
68 183 1
68 184 1
68 185 1
68 186 2
68 188 2
68 190 1
68 195 1
68 196 2
68 198 2
68 200 1
69 101 5
69 102 1
69 103 1
69 104 2
69 105 2
69 107 1
69 108 1
69 109 1
69 111 2
69 112 1
69 114 1
69 118 1
69 120 2
69 122 1
69 124 3
69 125 1
69 128 2
69 130 2
69 132 1
69 133 2
69 135 1
69 137 1
69 138 2
69 139 1
69 140 2
69 142 3
69 143 1
69 145 5
69 147 2
69 150 1
69 152 1
69 153 2
69 154 1
69 157 1
69 159 1
69 162 4
69 164 2
69 166 1
69 168 2
69 170 2
69 173 3
69 181 2
69 182 4
69 183 2
69 184 1
69 186 1
69 187 1
69 188 1
69 189 1
69 191 2
69 192 1
69 193 1
69 194 1
69 195 1
69 196 1
70 101 1
70 103 3
70 104 2
70 105 1
70 106 1
70 107 1
70 108 2
70 110 1
70 111 3
70 112 1
70 114 3
70 115 1
70 116 2
70 119 2
70 121 2
70 122 1
70 123 1
70 124 1
70 125 1
70 126 1
70 128 1
70 130 1
70 133 1
70 136 3
70 137 1
70 139 1
70 141 1
70 143 1
70 144 2
70 146 1
70 147 2
70 148 2
70 149 1
70 150 2
70 152 1
70 153 4
70 154 1
70 155 1
70 156 1
70 158 1
70 160 1
70 162 2
70 166 1
70 167 1
70 171 1
70 173 1
70 177 1
70 179 1
70 180 1
70 181 1
70 182 1
70 183 1
70 185 1
70 187 1
70 188 2
70 190 1
70 193 2
70 194 1
70 195 2
70 196 1
70 197 1
70 198 1
70 199 1
70 200 1
71 103 2
71 104 1
71 105 2
71 106 1
71 107 1
71 110 1
71 114 1
71 116 1
71 120 2
71 121 1
71 130 1
71 131 4
71 132 1
71 134 1
71 135 2
71 136 1
71 139 2
71 140 1
71 142 2
71 144 2
71 145 3
71 146 1
71 148 1
71 150 2
71 151 1
71 153 1
71 154 2
71 156 2
71 157 1
71 158 2
71 159 1
71 160 3
71 161 1
71 162 1
71 163 1
71 165 1
71 166 1
71 167 1
71 168 1
71 171 2
71 172 3
71 175 1
71 177 1
71 178 1
71 182 1
71 183 1
71 184 1
71 187 1
71 189 2
71 190 1
71 192 1
71 195 1
71 196 3
71 197 3
71 198 1
71 199 5
71 200 2
72 101 1
72 103 1
72 105 1
72 106 2
72 109 1
72 111 2
72 112 3
72 113 1
72 115 1
72 116 2
72 119 3
72 123 1
72 124 1
72 125 2
72 126 1
72 128 1
72 129 1
72 130 1
72 131 1
72 132 1
72 134 1
72 136 1
72 137 1
72 138 1
72 139 3
72 141 1
72 143 1
72 147 1
72 150 1
72 151 2
72 152 3
72 154 1
72 156 1
72 157 1
72 158 1
72 161 1
72 162 1
72 163 1
72 165 2
72 166 2
72 167 1
72 169 1
72 170 1
72 171 2
72 173 1
72 175 1
72 176 1
72 177 1
72 180 1
72 182 1
72 184 1
72 185 1
72 187 3
72 188 1
72 192 1
72 194 1
72 195 1
72 196 1
72 197 1
72 198 1
72 200 1
73 101 1
73 104 1
73 105 1
73 106 1
73 107 1
73 108 1
73 114 1
73 115 2
73 116 2
73 118 1
73 119 1
73 120 1
73 121 1
73 122 1
73 123 1
73 125 1
73 127 1
73 128 1
73 129 3
73 130 1
73 133 1
73 134 1
73 135 1
73 136 2
73 137 1
73 140 1
73 141 1
73 142 1
73 145 1
73 146 3
73 148 1
73 150 2
73 154 1
73 156 1
73 157 1
73 158 2
73 159 2
73 160 1
73 161 1
73 162 1
73 163 1
73 165 2
73 166 1
73 167 1
73 170 1
73 171 1
73 172 1
73 174 1
73 178 2
73 179 1
73 181 3
73 183 1
73 186 1
73 187 2
73 188 1
73 192 1
73 193 2
73 195 5
73 196 2
73 197 1
74 101 1
74 103 3
74 104 2
74 105 2
74 106 2
74 109 1
74 110 2
74 116 1
74 117 1
74 119 1
74 120 2
74 122 1
74 123 1
74 124 1
74 125 1
74 128 2
74 129 1
74 132 2
74 134 1
74 136 6
74 143 4
74 145 1
74 147 1
74 148 3
74 149 1
74 152 5
74 153 1
74 154 2
74 155 1
74 156 1
74 157 1
74 159 1
74 160 1
74 163 1
74 164 1
74 165 1
74 167 1
74 169 1
74 171 1
74 173 2
74 174 1
74 175 1
74 176 1
74 177 7
74 179 1
74 180 3
74 184 2
74 185 2
74 187 1
74 188 2
74 189 1
74 191 1
74 192 1
74 194 1
74 195 1
74 199 1
74 200 1
75 101 1
75 103 2
75 104 1
75 105 1
75 107 3
75 108 5
75 109 1
75 112 1
75 116 2
75 118 1
75 119 4
75 120 1
75 121 1
75 122 3
75 123 1
75 124 3
75 125 1
75 127 2
75 128 1
75 131 1
75 132 1
75 133 1
75 134 2
75 141 1
75 144 1
75 145 1
75 146 1
75 150 2
75 152 1
75 155 3
75 157 1
75 162 2
75 163 4
75 165 1
75 166 2
75 167 1
75 169 5
75 170 1
75 171 2
75 175 1
75 177 1
75 178 2
75 179 1
75 181 1
75 182 1
75 183 1
75 185 1
75 187 1
75 188 1
75 189 1
75 191 1
75 192 2
75 193 7
75 196 3
75 199 1
75 200 1
76 101 3
76 102 2
76 103 1
76 104 5
76 106 1
76 107 2
76 108 1
76 109 1
76 110 1
76 115 2
76 119 3
76 120 1
76 121 1
76 122 2
76 124 1
76 126 1
76 129 1
76 131 1
76 133 5
76 135 1
76 136 1
76 137 1
76 139 1
76 140 4
76 143 1
76 144 3
76 145 1
76 148 1
76 150 3
76 151 1
76 154 4
76 155 1
76 156 2
76 157 1
76 161 2
76 162 1
76 165 2
76 167 1
76 168 1
76 170 3
76 172 3
76 175 1
76 176 1
76 177 1
76 178 1
76 179 1
76 181 3
76 182 3
76 183 1
76 186 3
76 187 1
76 193 2
76 195 2
76 198 1
76 199 2
76 200 1
77 101 1
77 102 1
77 103 2
77 105 2
77 106 2
77 108 3
77 109 1
77 112 1
77 116 2
77 119 1
77 120 2
77 121 1
77 123 1
77 124 1
77 127 1
77 128 1
77 129 1
77 130 1
77 131 3
77 132 4
77 134 1
77 136 1
77 137 2
77 138 4
77 139 1
77 140 1
77 141 1
77 142 1
77 143 2
77 146 1
77 147 1
77 149 2
77 151 3
77 152 2
77 153 1
77 154 2
77 156 1
77 160 2
77 163 1
77 164 2
77 167 2
77 169 1
77 171 3
77 174 1
77 175 1
77 176 1
77 177 1
77 179 5
77 180 1
77 182 1
77 185 1
77 186 1
77 187 1
77 188 1
77 189 1
77 192 6
77 193 1
77 195 2
77 196 1
77 197 2
78 102 2
78 103 1
78 105 1
78 106 1
78 110 1
78 113 1
78 114 1
78 123 1
78 125 1
78 126 1
78 131 1
78 132 3
78 133 1
78 134 1
78 138 1
78 139 1
78 141 1
78 142 3
78 144 1
78 147 1
78 150 1
78 154 1
78 156 2
78 158 1
78 159 3
78 160 1
78 163 3
78 164 2
78 166 1
78 168 2
78 170 2
78 171 2
78 173 1
78 174 1
78 176 1
78 177 1
78 181 1
78 182 1
78 183 1
78 184 1
78 185 1
78 188 2
78 189 1
78 190 1
78 191 1
78 193 1
78 194 2
78 195 1
78 196 1
78 197 1
78 198 1
78 199 1
78 200 2
79 103 1
79 104 2
79 105 1
79 106 1
79 108 1
79 109 1
79 110 2
79 115 1
79 116 1
79 117 2
79 118 1
79 119 2
79 120 1
79 122 3
79 123 4
79 125 1
79 128 1
79 129 2
79 131 2
79 132 2
79 133 1
79 134 3
79 135 1
79 136 1
79 143 1
79 145 1
79 148 1
79 149 2
79 151 3
79 155 2
79 157 1
79 158 4
79 160 1
79 161 1
79 163 1
79 165 3
79 166 1
79 169 3
79 170 2
79 177 1
79 180 1
79 181 1
79 183 1
79 184 1
79 189 1
79 190 1
79 191 4
79 198 1
79 200 1
80 105 1
80 106 1
80 110 1
80 113 1
80 114 2
80 115 1
80 117 1
80 119 1
80 122 1
80 123 4
80 124 1
80 126 1
80 128 1
80 130 2
80 132 1
80 133 1
80 135 3
80 136 4
80 139 1
80 142 1
80 144 1
80 147 2
80 148 1
80 150 1
80 151 1
80 156 3
80 158 1
80 159 3
80 160 2
80 161 1
80 164 2
80 166 1
80 167 1
80 168 3
80 171 1
80 173 1
80 174 1
80 179 1
80 180 3
80 183 1
80 189 1
80 191 1
80 192 1
80 193 1
80 195 1
80 198 1
80 199 1
80 200 1
81 101 2
81 103 3
81 104 1
81 108 2
81 109 4
81 118 3
81 120 1
81 122 2
81 124 2
81 127 2
81 129 2
81 130 2
81 132 2
81 133 1
81 135 1
81 136 1
81 138 1
81 139 1
81 141 1
81 143 2
81 144 1
81 147 2
81 148 1
81 150 1
81 151 1
81 155 1
81 156 1
81 157 1
81 158 2
81 159 1
81 160 1
81 161 4
81 164 4
81 165 3
81 166 1
81 168 1
81 170 1
81 172 1
81 173 1
81 174 1
81 175 2
81 177 2
81 178 1
81 179 1
81 180 1
81 184 1
81 185 2
81 186 1
81 187 5
81 188 1
81 190 1
81 192 3
81 193 1
81 196 1
81 197 1
81 199 1
81 200 3
82 101 1
82 105 1
82 106 2
82 107 1
82 109 1
82 113 1
82 116 1
82 117 1
82 118 1
82 119 1
82 120 9
82 122 3
82 123 1
82 124 1
82 125 2
82 126 1
82 128 1
82 129 1
82 130 2
82 131 1
82 133 1
82 135 1
82 136 1
82 137 3
82 140 1
82 141 1
82 144 1
82 145 1
82 146 2
82 147 1
82 148 1
82 152 1
82 153 1
82 154 1
82 155 1
82 157 1
82 162 1
82 164 1
82 170 1
82 173 1
82 177 1
82 178 2
82 179 1
82 184 1
82 186 1
82 188 1
82 191 1
82 192 2
82 193 1
82 198 1
82 199 1
83 102 1
83 103 1
83 104 2
83 105 1
83 107 5
83 109 3
83 112 1
83 116 2
83 118 2
83 119 1
83 121 1
83 123 1
83 126 1
83 127 1
83 129 2
83 130 1
83 131 1
83 132 1
83 137 4
83 138 1
83 141 1
83 144 1
83 146 1
83 147 1
83 149 2
83 151 2
83 153 2
83 154 1
83 158 2
83 165 2
83 168 1
83 171 1
83 172 1
83 173 5
83 177 1
83 178 1
83 179 1
83 180 1
83 182 1
83 183 1
83 184 2
83 185 1
83 186 2
83 187 1
83 190 2
83 191 9
83 197 2
83 199 1
84 102 1
84 106 4
84 109 2
84 112 2
84 113 1
84 115 1
84 116 1
84 117 1
84 118 1
84 121 2
84 124 1
84 126 1
84 127 1
84 129 1
84 130 1
84 133 1
84 134 2
84 136 1
84 137 1
84 141 1
84 142 1
84 143 1
84 144 1
84 145 2
84 146 1
84 147 1
84 148 2
84 152 3
84 154 1
84 159 1
84 160 1
84 162 1
84 164 2
84 165 2
84 166 2
84 167 1
84 168 1
84 169 1
84 170 5
84 174 1
84 176 1
84 180 1
84 181 2
84 182 1
84 183 2
84 184 2
84 185 2
84 186 2
84 187 1
84 192 1
84 194 2
84 195 1
84 196 1
84 199 6
85 101 1
85 102 1
85 103 1
85 104 2
85 105 1
85 106 1
85 107 1
85 109 1
85 111 1
85 112 2
85 115 2
85 116 2
85 123 1
85 124 1
85 125 3
85 126 2
85 128 2
85 130 2
85 131 1
85 133 1
85 135 1
85 137 2
85 141 1
85 142 1
85 143 2
85 144 1
85 146 3
85 147 2
85 148 2
85 149 1
85 150 3
85 151 1
85 152 1
85 153 5
85 154 2
85 155 2
85 158 1
85 159 1
85 162 1
85 163 2
85 164 1
85 169 1
85 170 1
85 171 3
85 172 4
85 174 1
85 177 2
85 178 5
85 183 2
85 185 2
85 186 2
85 187 1
85 188 1
85 191 1
85 192 1
85 193 1
85 197 2
85 199 1
86 101 1
86 103 1
86 104 1
86 105 1
86 106 1
86 107 3
86 110 2
86 111 3
86 116 2
86 118 1
86 119 1
86 121 2
86 123 2
86 126 1
86 127 1
86 128 1
86 134 3
86 139 1
86 140 1
86 142 1
86 143 1
86 144 1
86 146 1
86 150 1
86 152 1
86 153 2
86 154 1
86 156 2
86 160 1
86 161 1
86 163 1
86 170 2
86 171 1
86 174 1
86 176 1
86 177 2
86 178 2
86 179 1
86 181 1
86 182 1
86 187 2
86 189 3
86 191 3
86 193 3
86 195 1
86 196 1
86 198 1
87 101 1
87 102 1
87 108 3
87 112 3
87 114 2
87 115 5
87 116 3
87 117 1
87 119 1
87 123 1
87 125 1
87 126 2
87 127 2
87 128 1
87 132 2
87 134 2
87 136 1
87 137 1
87 139 2
87 140 1
87 141 4
87 142 1
87 147 3
87 148 1
87 150 1
87 152 1
87 155 1
87 157 1
87 161 1
87 162 3
87 163 1
87 164 1
87 165 2
87 166 1
87 170 1
87 173 1
87 174 2
87 178 3
87 179 2
87 180 1
87 181 2
87 182 4
87 183 1
87 184 1
87 185 1
87 187 4
87 189 1
87 190 2
87 192 3
87 194 1
87 195 1
87 197 1
87 198 4
87 199 1
88 102 1
88 106 2
88 108 1
88 114 1
88 115 2
88 116 1
88 119 2
88 123 1
88 124 1
88 125 5
88 127 1
88 130 1
88 131 1
88 132 1
88 135 1
88 137 1
88 140 1
88 143 4
88 145 1
88 148 2
88 149 2
88 150 2
88 151 1
88 152 1
88 153 6
88 154 2
88 157 1
88 159 2
88 162 3
88 163 1
88 164 1
88 165 2
88 166 1
88 168 3
88 169 3
88 172 2
88 176 7
88 177 1
88 179 1
88 181 2
88 182 2
88 183 1
88 184 1
88 185 1
88 186 3
88 187 1
88 188 2
88 189 1
88 191 1
88 192 1
88 193 1
88 194 1
88 195 1
88 196 1
89 103 1
89 104 2
89 107 1
89 109 1
89 110 2
89 111 4
89 114 1
89 115 2
89 117 1
89 118 1
89 119 1
89 122 5
89 123 1
89 124 5
89 125 1
89 126 1
89 127 4
89 134 1
89 135 1
89 136 1
89 139 1
89 141 1
89 143 1
89 145 1
89 146 1
89 147 5
89 148 1
89 151 1
89 152 1
89 154 1
89 155 1
89 156 2
89 157 1
89 161 1
89 166 1
89 167 1
89 168 1
89 169 1
89 170 6
89 172 1
89 175 1
89 176 1
89 177 1
89 179 2
89 180 5
89 181 1
89 182 5
89 184 1
89 186 1
89 193 1
89 194 3
89 197 1
89 198 1
89 199 2
90 104 1
90 110 2
90 112 2
90 113 2
90 117 2
90 118 1
90 119 2
90 121 1
90 122 1
90 123 1
90 124 2
90 125 2
90 126 1
90 129 2
90 133 4
90 135 1
90 136 1
90 137 1
90 138 1
90 140 2
90 142 3
90 143 1
90 147 1
90 150 1
90 151 1
90 152 5
90 155 2
90 157 3
90 158 1
90 159 1
90 161 3
90 163 1
90 164 1
90 166 3
90 168 1
90 169 2
90 170 2
90 172 1
90 174 1
90 176 1
90 177 2
90 179 2
90 180 1
90 184 1
90 187 1
90 192 3
90 195 2
90 196 2
91 103 2
91 104 1
91 105 4
91 106 3
91 118 1
91 119 2
91 120 1
91 121 3
91 122 2
91 123 4
91 125 2
91 128 2
91 132 2
91 134 3
91 136 1
91 137 1
91 138 1
91 139 2
91 140 1
91 144 1
91 145 1
91 146 1
91 147 1
91 149 1
91 154 1
91 155 1
91 156 1
91 157 1
91 158 1
91 160 3
91 161 2
91 163 1
91 166 1
91 169 1
91 173 2
91 174 3
91 175 3
91 176 1
91 177 2
91 179 1
91 182 1
91 183 1
91 184 1
91 185 1
91 186 1
91 190 1
91 191 2
91 192 4
91 195 2
91 198 1
92 101 4
92 102 1
92 105 1
92 106 1
92 108 1
92 109 2
92 110 1
92 111 1
92 113 1
92 116 1
92 117 1
92 122 2
92 123 2
92 124 1
92 125 2
92 128 2
92 130 1
92 133 1
92 134 1
92 136 1
92 138 1
92 140 1
92 141 5
92 143 1
92 147 1
92 149 1
92 156 1
92 157 1
92 163 1
92 165 2
92 166 1
92 168 1
92 170 1
92 171 1
92 175 1
92 176 2
92 177 1
92 179 1
92 180 1
92 181 2
92 182 1
92 185 1
92 186 1
92 187 2
92 189 1
92 191 1
92 193 1
92 194 1
92 196 2
92 199 1
92 200 1
93 102 3
93 104 2
93 107 1
93 109 3
93 111 1
93 112 1
93 113 3
93 114 1
93 115 2
93 116 1
93 117 2
93 120 1
93 121 1
93 122 1
93 129 1
93 131 1
93 132 1
93 134 1
93 137 1
93 138 2
93 140 2
93 141 2
93 142 1
93 143 3
93 145 1
93 146 2
93 147 2
93 150 1
93 151 1
93 152 2
93 155 1
93 156 1
93 157 1
93 158 2
93 159 1
93 160 1
93 161 1
93 162 3
93 163 3
93 164 1
93 165 1
93 166 1
93 168 1
93 169 3
93 172 2
93 174 1
93 176 1
93 178 2
93 179 1
93 180 3
93 186 1
93 187 2
93 188 2
93 189 2
93 191 1
93 193 1
93 195 1
93 197 2
93 198 2
94 101 1
94 104 1
94 106 3
94 107 2
94 108 4
94 109 1
94 111 2
94 114 1
94 115 1
94 116 1
94 117 3
94 120 1
94 122 1
94 123 2
94 126 1
94 128 1
94 129 3
94 131 2
94 132 1
94 135 1
94 137 2
94 138 1
94 139 1
94 140 1
94 141 1
94 142 1
94 144 1
94 148 2
94 149 2
94 150 2
94 155 1
94 156 2
94 157 3
94 159 3
94 162 1
94 163 1
94 164 1
94 165 1
94 167 1
94 168 2
94 169 1
94 171 3
94 172 1
94 173 1
94 174 1
94 175 1
94 176 1
94 179 2
94 182 2
94 184 1
94 185 2
94 187 5
94 188 1
94 191 1
94 193 2
94 194 2
94 195 3
94 196 3
94 197 2
95 101 1
95 102 1
95 103 1
95 104 1
95 106 2
95 109 2
95 112 1
95 113 1
95 114 1
95 119 1
95 121 1
95 122 2
95 123 1
95 124 2
95 129 1
95 131 1
95 134 1
95 135 3
95 139 1
95 142 1
95 144 2
95 147 2
95 148 2
95 149 1
95 151 4
95 152 1
95 163 1
95 164 1
95 167 3
95 168 1
95 170 3
95 178 1
95 180 1
95 181 1
95 183 4
95 184 3
95 186 3
95 187 2
95 188 1
95 189 1
95 190 2
95 192 2
95 193 1
95 195 4
95 197 2
95 198 2
95 199 2
95 200 1
96 103 1
96 104 1
96 107 1
96 108 1
96 111 1
96 113 1
96 115 1
96 116 2
96 118 1
96 121 1
96 123 2
96 124 1
96 125 2
96 127 2
96 128 1
96 130 2
96 131 2
96 136 1
96 137 2
96 138 1
96 140 3
96 143 1
96 144 2
96 147 1
96 148 1
96 150 1
96 151 1
96 153 2
96 155 1
96 156 2
96 161 1
96 162 1
96 166 1
96 170 1
96 171 1
96 172 1
96 173 2
96 175 1
96 179 1
96 180 1
96 181 2
96 182 1
96 183 1
96 184 1
96 185 3
96 186 1
96 187 2
96 188 1
96 189 1
96 190 1
96 191 1
96 192 2
96 193 1
96 195 1
96 197 1
96 198 1
96 200 1
97 101 2
97 102 1
97 103 4
97 105 1
97 107 1
97 108 1
97 112 1
97 113 1
97 118 1
97 119 1
97 120 2
97 122 2
97 124 1
97 125 1
97 126 2
97 129 1
97 130 1
97 131 2
97 132 2
97 134 1
97 135 1
97 136 1
97 138 2
97 139 2
97 140 2
97 143 1
97 145 1
97 146 2
97 149 1
97 150 1
97 151 2
97 153 1
97 155 1
97 156 2
97 158 1
97 159 1
97 161 1
97 162 2
97 163 1
97 164 1
97 165 2
97 167 1
97 170 1
97 174 1
97 175 1
97 176 3
97 177 1
97 180 1
97 181 1
97 182 2
97 185 1
97 186 2
97 189 1
97 190 1
97 192 3
97 193 2
97 194 2
97 195 1
97 196 4
97 198 1
97 199 1
97 200 1
98 102 1
98 103 1
98 107 1
98 108 1
98 109 1
98 111 2
98 112 2
98 113 1
98 114 2
98 115 2
98 117 3
98 119 3
98 121 3
98 122 1
98 125 3
98 129 3
98 132 4
98 134 1
98 135 2
98 136 2
98 138 1
98 140 1
98 141 1
98 145 1
98 146 1
98 148 1
98 149 2
98 150 1
98 152 1
98 153 2
98 154 2
98 157 1
98 159 1
98 160 6
98 161 1
98 162 1
98 164 1
98 165 2
98 166 1
98 167 2
98 170 1
98 171 1
98 172 2
98 173 1
98 177 1
98 178 2
98 181 1
98 183 1
98 184 1
98 186 7
98 187 1
98 189 1
98 191 1
98 194 2
98 196 1
98 197 1
99 106 1
99 107 4
99 108 1
99 110 1
99 111 1
99 112 1
99 113 1
99 115 1
99 116 1
99 117 1
99 123 1
99 124 2
99 125 1
99 128 2
99 129 1
99 130 4
99 131 2
99 133 1
99 135 1
99 136 1
99 137 1
99 141 1
99 142 1
99 143 6
99 147 3
99 151 3
99 152 2
99 153 1
99 156 1
99 157 1
99 158 1
99 159 5
99 160 1
99 161 2
99 162 1
99 164 1
99 165 1
99 166 2
99 167 1
99 168 1
99 170 1
99 173 1
99 174 3
99 176 1
99 177 1
99 178 2
99 179 1
99 181 1
99 186 1
99 188 1
99 191 1
99 192 2
99 195 1
99 196 1
99 197 1
99 198 1
99 199 1
99 200 2
100 101 2
100 102 1
100 103 1
100 104 1
100 106 2
100 108 1
100 110 3
100 111 1
100 113 1
100 115 1
100 116 2
100 117 1
100 118 1
100 121 1
100 122 3
100 123 2
100 125 1
100 132 1
100 133 1
100 137 1
100 139 1
100 140 1
100 142 2
100 143 2
100 144 1
100 145 1
100 146 2
100 148 1
100 151 3
100 154 3
100 155 1
100 157 2
100 158 1
100 159 1
100 160 3
100 164 1
100 165 1
100 167 2
100 168 1
100 170 1
100 173 3
100 175 1
100 179 1
100 183 1
100 185 2
100 187 1
100 188 2
100 189 1
100 190 1
100 191 2
100 192 1
100 193 1
100 194 1
100 195 3
100 197 2
100 198 2
100 199 1
100 200 1
