100 100 20 2352
#constraints
112 113
110 115
127 135
105 138
121 141
108 143
132 144
133 145
129 147
115 149
136 151
141 153
144 155
132 160
154 161
152 165
113 180
178 185
181 194
180 195
#edges
1 103 1
1 106 2
1 107 1
1 108 1
1 111 1
1 127 1
1 129 3
1 131 2
1 133 1
1 134 1
1 137 2
1 138 1
1 141 2
1 147 1
1 160 1
1 161 2
1 166 2
1 168 1
1 171 4
1 173 1
1 176 1
1 186 1
1 187 2
1 190 2
1 191 3
1 193 1
2 118 2
2 120 1
2 125 2
2 126 1
2 130 1
2 132 1
2 133 2
2 150 1
2 152 1
2 157 1
2 158 1
2 167 2
2 171 1
2 173 2
2 174 1
2 185 1
2 192 2
3 101 3
3 103 1
3 108 5
3 113 1
3 117 1
3 122 1
3 130 1
3 137 1
3 138 3
3 144 1
3 149 1
3 154 2
3 173 1
3 180 2
3 183 2
3 184 1
3 199 1
4 102 2
4 118 1
4 124 1
4 125 2
4 130 1
4 131 1
4 136 4
4 145 2
4 153 1
4 158 1
4 163 2
4 167 2
4 175 1
4 179 2
4 180 1
4 188 1
4 190 2
4 191 3
4 192 3
5 108 2
5 109 1
5 110 2
5 114 1
5 118 1
5 120 1
5 138 1
5 141 1
5 143 1
5 147 1
5 149 1
5 154 1
5 161 2
5 164 1
5 165 1
5 166 1
5 167 1
5 173 1
5 180 3
5 181 1
5 186 1
5 190 1
5 197 2
5 198 1
5 199 1
6 106 1
6 107 3
6 111 1
6 113 3
6 125 1
6 137 1
6 141 1
6 144 1
6 153 1
6 158 2
6 180 2
6 181 2
6 182 1
6 187 3
6 196 1
6 198 1
7 111 1
7 114 1
7 117 1
7 120 1
7 122 1
7 134 1
7 135 3
7 141 1
7 148 1
7 152 1
7 163 1
7 169 1
7 172 2
7 174 3
7 177 3
7 187 5
7 189 5
7 191 1
8 101 1
8 103 1
8 113 1
8 114 1
8 115 1
8 118 1
8 119 1
8 125 1
8 135 1
8 140 1
8 142 4
8 145 2
8 148 1
8 150 1
8 151 2
8 152 1
8 153 3
8 162 4
8 168 1
8 185 1
8 187 1
8 190 1
8 191 2
9 101 3
9 108 2
9 114 1
9 116 1
9 123 1
9 125 2
9 130 1
9 135 2
9 138 1
9 140 1
9 144 1
9 149 1
9 153 4
9 154 3
9 159 2
9 164 2
9 171 2
9 180 1
9 189 1
9 192 1
9 193 1
9 194 1
9 195 1
9 196 1
9 200 1
10 106 1
10 109 2
10 114 1
10 118 1
10 119 1
10 120 2
10 133 1
10 134 1
10 135 1
10 140 1
10 145 1
10 150 5
10 156 1
10 163 2
10 174 1
10 180 2
10 183 2
10 190 2
10 191 1
11 106 2
11 112 1
11 119 3
11 121 4
11 124 1
11 126 1
11 127 1
11 129 2
11 133 2
11 141 2
11 153 1
11 154 1
11 155 1
11 161 1
11 170 1
11 174 1
11 175 1
11 179 3
11 195 1
12 101 5
12 102 2
12 104 1
12 110 3
12 117 1
12 119 1
12 120 1
12 121 4
12 129 1
12 131 1
12 133 1
12 134 2
12 137 4
12 138 2
12 139 1
12 142 2
12 148 2
12 155 1
12 159 2
12 163 2
12 167 3
12 171 1
12 172 1
12 176 1
12 177 1
12 184 2
12 185 1
12 191 1
12 194 1
12 196 1
12 198 3
13 102 1
13 103 2
13 109 3
13 111 1
13 112 1
13 115 1
13 116 3
13 117 1
13 118 2
13 119 4
13 125 1
13 128 1
13 137 1
13 141 3
13 142 1
13 152 1
13 154 1
13 155 2
13 158 2
13 160 1
13 176 1
13 189 1
13 191 1
13 193 1
13 196 2
13 200 4
14 102 1
14 110 2
14 115 1
14 116 1
14 119 1
14 121 3
14 124 1
14 127 1
14 136 2
14 139 3
14 141 1
14 145 1
14 147 1
14 149 3
14 151 2
14 153 1
14 154 1
14 163 1
14 164 1
14 166 2
14 168 2
14 171 1
14 188 1
14 192 2
14 194 1
14 200 1
15 109 1
15 117 1
15 118 1
15 119 1
15 120 1
15 127 1
15 135 2
15 138 3
15 142 1
15 147 1
15 163 1
15 164 1
15 177 2
15 180 5
15 186 1
15 188 1
15 194 1
15 195 1
15 196 2
16 102 1
16 104 2
16 115 1
16 116 1
16 122 1
16 125 1
16 128 1
16 129 2
16 131 1
16 135 1
16 141 1
16 145 2
16 151 1
16 152 1
16 154 3
16 166 1
16 177 3
16 181 1
16 183 2
17 101 1
17 115 2
17 118 1
17 122 2
17 124 1
17 125 1
17 126 2
17 131 1
17 134 1
17 154 1
17 158 2
17 159 2
17 160 1
17 162 1
17 164 2
17 165 1
17 167 1
17 183 2
17 195 1
17 197 2
18 102 2
18 108 2
18 110 1
18 114 4
18 115 4
18 117 2
18 123 1
18 129 1
18 130 1
18 134 2
18 141 2
18 142 1
18 147 1
18 154 1
18 164 2
18 167 1
18 170 1
18 171 1
18 172 1
18 174 1
18 175 1
18 179 1
18 183 2
18 185 1
18 192 2
18 196 1
18 198 1
19 114 1
19 115 1
19 118 1
19 119 1
19 125 3
19 126 1
19 135 1
19 149 1
19 151 3
19 152 2
19 155 2
19 156 2
19 157 4
19 165 4
19 168 1
19 171 1
19 173 1
19 180 1
19 184 1
19 186 1
19 188 2
19 196 1
19 200 1
20 104 1
20 114 2
20 119 1
20 126 2
20 128 1
20 138 1
20 141 1
20 143 1
20 148 1
20 150 2
20 154 1
20 156 1
20 168 1
20 170 2
20 172 2
20 173 2
20 179 3
20 183 1
20 185 1
20 189 4
20 195 1
20 196 1
20 197 1
20 198 2
21 101 1
21 104 1
21 106 1
21 111 1
21 114 1
21 125 3
21 130 3
21 133 1
21 137 1
21 140 3
21 143 1
21 149 3
21 152 2
21 156 2
21 162 1
21 171 1
21 172 1
21 181 2
21 185 1
21 188 1
21 189 1
21 194 1
21 198 2
22 105 1
22 109 1
22 114 1
22 116 2
22 117 2
22 118 2
22 119 1
22 124 2
22 135 1
22 139 1
22 141 1
22 143 1
22 146 1
22 151 1
22 153 1
22 155 1
22 157 1
22 159 1
22 166 1
22 167 1
22 168 1
22 174 1
22 176 3
22 179 2
22 180 1
22 181 1
22 186 1
22 189 2
22 190 1
22 191 1
22 198 1
22 200 1
23 101 2
23 103 2
23 105 2
23 107 1
23 111 1
23 117 1
23 118 1
23 128 2
23 129 1
23 130 1
23 134 3
23 136 1
23 138 2
23 143 3
23 144 1
23 145 1
23 156 1
23 166 1
23 168 1
23 174 2
23 176 1
23 182 2
23 186 2
23 189 1
23 194 1
23 195 1
24 108 1
24 109 1
24 114 2
24 123 2
24 125 1
24 137 1
24 142 2
24 145 2
24 148 5
24 150 1
24 155 3
24 161 1
24 163 2
24 168 1
24 172 1
24 174 2
24 178 1
24 179 3
24 181 1
24 182 1
24 190 1
24 191 3
24 192 3
24 200 2
25 104 2
25 108 2
25 115 1
25 120 1
25 123 1
25 125 2
25 126 1
25 131 1
25 142 1
25 144 1
25 147 3
25 149 1
25 152 2
25 154 1
25 157 1
25 161 1
25 162 4
25 173 1
25 177 3
25 183 1
25 185 1
25 191 1
25 193 2
25 194 3
25 196 1
25 197 4
25 200 2
26 103 2
26 105 2
26 106 1
26 107 1
26 112 1
26 118 1
26 119 2
26 120 1
26 124 1
26 125 2
26 136 2
26 140 1
26 146 1
26 152 1
26 157 1
26 162 1
26 167 1
26 170 1
26 179 3
26 180 2
26 181 2
26 189 1
26 190 2
26 192 2
27 103 1
27 109 2
27 117 1
27 131 2
27 132 2
27 133 1
27 134 2
27 135 3
27 140 3
27 143 2
27 145 2
27 149 1
27 150 1
27 161 1
27 166 1
27 169 1
27 175 4
27 176 3
27 179 1
27 180 1
27 183 4
27 185 1
27 190 3
27 191 1
27 194 1
27 195 5
28 104 2
28 105 1
28 110 3
28 120 3
28 121 4
28 122 1
28 128 1
28 135 2
28 136 2
28 138 2
28 141 2
28 149 1
28 150 1
28 153 2
28 177 1
28 180 3
28 181 1
28 193 1
29 105 3
29 108 2
29 109 1
29 110 1
29 116 2
29 125 1
29 126 3
29 128 1
29 130 3
29 132 2
29 135 1
29 146 1
29 150 1
29 153 1
29 162 1
29 168 1
29 173 3
29 182 1
29 183 2
29 186 1
29 187 4
29 188 2
29 196 1
29 197 1
30 104 1
30 105 2
30 106 3
30 107 1
30 112 1
30 114 3
30 125 1
30 126 2
30 128 1
30 129 1
30 146 2
30 158 2
30 159 1
30 160 1
30 162 1
30 163 1
30 169 1
30 171 1
30 179 1
30 191 2
30 194 4
30 199 1
31 108 1
31 110 2
31 119 1
31 129 3
31 140 1
31 144 1
31 146 1
31 150 1
31 151 1
31 153 1
31 154 1
31 155 2
31 156 2
31 157 2
31 165 2
31 170 1
31 176 1
31 177 2
31 187 4
31 188 1
31 190 1
31 191 1
31 192 2
31 197 3
32 102 2
32 112 1
32 113 2
32 117 1
32 121 1
32 122 1
32 128 1
32 130 1
32 131 1
32 132 1
32 133 1
32 136 2
32 143 1
32 144 1
32 145 1
32 149 1
32 151 3
32 156 3
32 161 1
32 164 2
32 166 1
32 167 2
32 168 3
32 176 2
32 180 2
32 182 3
32 185 2
32 193 1
32 194 1
33 102 1
33 103 1
33 105 1
33 111 1
33 112 1
33 113 1
33 117 1
33 120 1
33 123 1
33 124 1
33 129 1
33 130 1
33 133 1
33 135 2
33 143 1
33 150 1
33 151 1
33 160 1
33 170 1
33 171 1
33 179 2
33 185 1
33 192 3
33 194 2
33 198 2
34 101 1
34 109 2
34 112 1
34 115 1
34 119 2
34 121 2
34 130 1
34 131 3
34 132 1
34 135 1
34 140 1
34 144 1
34 146 1
34 149 1
34 150 1
34 158 3
34 159 1
34 166 4
34 167 1
34 173 1
34 174 2
34 181 1
34 192 4
34 194 1
34 196 2
35 112 1
35 114 2
35 115 5
35 131 2
35 137 1
35 138 2
35 142 1
35 146 1
35 149 1
35 150 1
35 152 2
35 154 1
35 155 1
35 161 1
35 162 1
35 163 2
35 166 1
35 176 1
35 178 1
35 186 1
35 187 1
35 188 3
35 194 3
35 196 5
35 200 2
36 107 1
36 111 1
36 126 1
36 129 2
36 133 1
36 146 2
36 148 1
36 150 2
36 152 1
36 153 1
36 155 2
36 163 2
36 167 2
36 176 1
36 177 1
36 183 1
36 184 5
36 188 3
37 104 1
37 106 1
37 107 3
37 117 1
37 118 4
37 119 1
37 120 1
37 131 1
37 132 1
37 133 1
37 137 2
37 138 1
37 139 2
37 140 1
37 143 1
37 156 1
37 162 1
37 163 3
37 170 1
37 173 1
37 178 1
37 179 1
37 181 2
37 182 1
37 183 1
37 185 1
37 194 2
38 105 1
38 107 1
38 108 2
38 113 1
38 117 1
38 143 1
38 145 2
38 147 3
38 152 1
38 154 1
38 166 3
38 170 3
38 175 2
38 180 2
38 182 1
38 196 3
38 200 2
39 101 1
39 112 1
39 113 1
39 114 1
39 119 1
39 122 1
39 124 1
39 128 1
39 129 1
39 131 3
39 141 1
39 149 3
39 154 1
39 164 2
39 167 1
39 168 1
39 172 1
39 177 1
39 178 1
39 183 1
39 188 2
39 195 1
39 196 3
40 104 2
40 106 3
40 107 1
40 112 1
40 117 3
40 120 2
40 121 1
40 123 2
40 126 3
40 133 2
40 136 1
40 137 1
40 145 2
40 146 1
40 150 2
40 151 1
40 154 1
40 156 1
40 158 3
40 159 1
40 160 1
40 163 1
40 174 6
40 179 1
40 180 2
40 184 3
40 193 1
40 195 1
40 197 3
40 198 1
41 108 3
41 110 1
41 112 1
41 120 1
41 132 1
41 134 1
41 138 2
41 145 3
41 148 1
41 150 5
41 154 2
41 156 1
41 161 2
41 172 2
41 175 1
41 180 4
41 197 1
42 105 1
42 109 2
42 132 2
42 133 1
42 136 1
42 142 4
42 144 1
42 145 1
42 148 2
42 154 1
42 170 1
42 172 1
42 174 2
42 181 1
42 184 1
42 193 2
42 199 1
43 102 3
43 107 4
43 109 2
43 110 2
43 111 1
43 115 2
43 120 2
43 125 1
43 127 3
43 129 4
43 132 1
43 134 2
43 140 1
43 148 1
43 151 1
43 153 2
43 156 1
43 161 1
43 162 1
43 168 3
43 174 6
43 177 1
43 182 2
43 183 1
43 187 1
43 191 1
43 193 1
43 197 1
43 198 1
44 101 1
44 106 1
44 107 1
44 114 2
44 125 2
44 128 4
44 129 1
44 131 2
44 145 1
44 155 1
44 160 1
44 161 2
44 163 3
44 165 1
44 166 1
44 167 1
44 172 2
44 175 1
44 179 1
44 180 3
44 181 1
44 182 2
44 190 1
44 195 1
44 198 1
44 200 3
45 103 1
45 106 1
45 109 1
45 111 6
45 120 1
45 121 1
45 128 1
45 129 2
45 130 4
45 132 2
45 137 2
45 138 2
45 139 1
45 141 2
45 152 2
45 153 4
45 160 1
45 174 2
45 180 7
45 181 1
45 183 3
45 189 1
45 193 1
45 197 2
46 101 2
46 103 1
46 115 1
46 118 1
46 119 2
46 122 1
46 124 4
46 128 1
46 132 6
46 139 1
46 145 1
46 146 1
46 151 1
46 152 2
46 156 1
46 159 1
46 162 1
46 166 3
46 173 1
46 174 3
46 176 2
46 179 1
46 180 1
46 185 1
46 188 3
47 102 1
47 106 2
47 109 1
47 122 2
47 123 3
47 129 2
47 133 1
47 135 1
47 141 2
47 150 1
47 159 1
47 163 2
47 166 1
47 168 2
47 178 1
47 180 1
47 182 1
47 184 5
47 190 1
47 199 1
48 107 1
48 114 3
48 120 1
48 122 2
48 126 2
48 132 1
48 135 1
48 138 1
48 149 1
48 152 2
48 158 3
48 161 1
48 167 2
48 170 1
48 176 3
48 177 1
48 185 1
48 186 1
48 188 2
48 189 1
48 191 1
48 197 2
49 106 2
49 107 1
49 109 3
49 118 1
49 119 1
49 123 1
49 124 2
49 125 1
49 129 2
49 131 1
49 132 2
49 133 5
49 136 2
49 137 2
49 143 2
49 147 1
49 153 1
49 154 3
49 159 1
49 162 1
49 165 1
49 169 2
49 173 1
49 176 7
49 178 2
49 181 1
49 184 2
49 185 1
49 186 2
49 189 1
49 194 1
49 199 3
50 102 2
50 103 2
50 104 3
50 107 1
50 108 2
50 111 1
50 115 1
50 117 1
50 124 1
50 125 1
50 126 2
50 131 1
50 136 2
50 137 1
50 138 1
50 139 4
50 140 1
50 160 1
50 161 2
50 167 1
50 169 1
50 171 2
50 175 4
50 176 3
50 177 1
50 180 2
50 181 3
50 183 1
50 188 2
50 193 6
50 200 1
51 104 2
51 106 1
51 115 4
51 119 1
51 122 1
51 123 1
51 144 2
51 146 1
51 150 1
51 151 1
51 152 1
51 158 1
51 160 1
51 174 1
51 183 1
51 187 1
51 193 1
51 200 4
52 101 1
52 103 3
52 104 1
52 106 3
52 107 1
52 109 1
52 111 2
52 116 1
52 117 2
52 119 1
52 128 1
52 129 2
52 134 3
52 138 2
52 140 1
52 151 1
52 158 1
52 171 3
52 186 1
52 187 2
52 192 1
53 103 1
53 105 3
53 109 1
53 113 2
53 117 2
53 119 2
53 122 2
53 123 2
53 143 1
53 148 1
53 150 1
53 159 2
53 160 1
53 162 1
53 164 1
53 166 2
53 167 2
53 169 1
53 174 1
53 180 1
53 183 2
53 184 1
53 189 1
53 190 1
53 191 1
53 193 1
53 196 1
53 200 5
54 105 1
54 107 2
54 121 1
54 123 1
54 130 3
54 138 2
54 153 1
54 154 1
54 157 1
54 160 1
54 162 5
54 171 1
54 184 1
54 187 1
54 191 2
54 193 2
54 197 1
54 199 1
54 200 1
55 103 1
55 104 1
55 109 1
55 114 1
55 115 3
55 123 3
55 124 4
55 127 1
55 134 1
55 145 1
55 160 1
55 162 3
55 169 1
55 170 1
55 176 1
55 177 1
55 182 1
55 190 1
55 193 1
55 195 1
55 197 1
56 101 1
56 109 1
56 113 4
56 127 1
56 128 1
56 129 3
56 131 1
56 134 1
56 135 1
56 139 2
56 141 1
56 142 2
56 143 1
56 144 1
56 150 2
56 159 2
56 162 1
56 170 1
56 174 1
56 179 3
56 183 1
56 186 2
56 194 2
56 196 2
56 197 1
56 199 1
56 200 1
57 102 2
57 105 1
57 111 1
57 114 2
57 122 1
57 125 1
57 126 1
57 128 1
57 131 1
57 135 1
57 141 1
57 142 1
57 144 1
57 145 1
57 152 1
57 155 1
57 158 2
57 160 2
57 166 1
57 173 1
57 176 1
57 178 1
57 182 2
57 185 1
57 186 1
57 192 1
58 102 5
58 103 1
58 105 2
58 109 2
58 110 1
58 111 1
58 117 3
58 118 1
58 120 4
58 121 1
58 124 1
58 129 1
58 130 1
58 131 1
58 133 1
58 139 1
58 141 1
58 154 1
58 155 1
58 157 1
58 158 2
58 162 2
58 166 1
58 168 2
58 172 1
58 178 1
58 184 1
58 187 2
59 101 3
59 107 1
59 108 1
59 118 1
59 119 1
59 125 1
59 127 1
59 133 2
59 138 1
59 140 2
59 141 1
59 144 2
59 147 1
59 149 1
59 150 1
59 151 1
59 153 4
59 166 1
59 167 1
59 168 2
59 184 1
59 185 2
59 187 1
59 189 2
59 192 1
59 194 1
59 195 2
60 117 1
60 119 1
60 121 2
60 136 1
60 141 1
60 142 1
60 145 3
60 147 2
60 155 1
60 157 1
60 159 2
60 160 1
60 161 2
60 168 2
60 169 1
60 172 2
60 181 3
60 183 1
60 184 2
60 185 1
60 186 1
60 187 1
60 188 1
60 191 1
60 194 1
61 102 3
61 103 1
61 104 3
61 118 2
61 126 2
61 127 3
61 130 1
61 139 3
61 148 1
61 149 3
61 151 4
61 165 1
61 175 1
61 180 1
61 183 3
61 185 1
61 192 1
61 193 1
61 197 1
61 198 1
61 200 1
62 105 1
62 108 1
62 110 1
62 113 1
62 115 3
62 119 1
62 120 2
62 124 1
62 128 2
62 140 1
62 141 2
62 145 1
62 156 2
62 157 2
62 159 2
62 161 1
62 167 1
62 173 1
62 185 3
62 193 1
62 197 4
62 198 1
63 119 2
63 126 1
63 131 1
63 140 1
63 150 1
63 172 1
63 180 4
63 190 3
63 197 2
63 199 1
64 102 1
64 105 1
64 107 4
64 109 2
64 111 1
64 112 1
64 113 1
64 122 2
64 131 1
64 132 1
64 134 1
64 136 1
64 137 1
64 138 2
64 140 1
64 141 2
64 144 1
64 148 2
64 150 2
64 153 1
64 162 3
64 165 1
64 179 1
64 184 1
64 190 1
64 194 1
64 197 1
64 198 1
65 105 2
65 106 1
65 114 1
65 116 2
65 117 1
65 129 1
65 130 1
65 132 1
65 134 2
65 135 1
65 138 3
65 141 3
65 144 1
65 148 7
65 149 1
65 155 1
65 160 1
65 161 1
65 167 1
65 180 3
65 182 5
65 183 5
65 186 1
65 188 1
65 190 2
66 106 1
66 109 1
66 112 1
66 113 1
66 124 1
66 126 1
66 127 2
66 128 1
66 130 2
66 138 1
66 139 1
66 143 2
66 145 1
66 152 1
66 155 1
66 164 2
66 165 1
66 168 4
66 177 1
66 181 5
66 182 1
66 186 1
66 193 1
66 195 1
66 198 5
66 199 1
67 101 2
67 105 2
67 117 1
67 118 2
67 124 2
67 130 2
67 133 2
67 140 1
67 150 1
67 160 1
67 170 2
67 177 1
67 179 1
67 185 2
67 188 2
67 189 1
67 190 2
67 193 1
67 194 1
67 195 1
67 197 4
68 107 4
68 120 1
68 123 1
68 124 1
68 126 3
68 129 1
68 134 1
68 136 2
68 144 4
68 146 1
68 151 1
68 152 3
68 170 6
68 173 2
68 182 1
68 186 2
68 190 1
69 101 3
69 103 1
69 108 1
69 110 1
69 113 3
69 124 1
69 128 3
69 130 2
69 133 1
69 140 1
69 146 1
69 156 2
69 158 1
69 160 1
69 169 3
69 176 1
69 177 1
69 179 1
69 181 1
69 182 1
69 186 3
69 189 1
69 190 2
69 193 1
69 194 3
69 200 1
70 101 2
70 107 1
70 116 1
70 118 3
70 124 1
70 126 3
70 127 1
70 130 1
70 138 1
70 150 1
70 155 2
70 159 1
70 161 1
70 163 1
70 164 1
70 171 1
70 173 1
70 174 2
70 178 1
70 180 1
70 181 1
70 183 2
70 186 5
70 190 1
70 197 1
70 199 1
71 104 2
71 105 2
71 110 2
71 115 1
71 119 1
71 126 1
71 128 1
71 129 1
71 131 1
71 133 5
71 146 1
71 148 2
71 166 2
71 167 1
71 170 3
71 173 4
71 175 1
71 176 1
71 177 1
71 182 1
71 184 2
71 187 1
71 189 1
71 193 2
72 102 1
72 103 1
72 106 2
72 107 1
72 114 1
72 117 1
72 121 4
72 124 4
72 131 1
72 132 6
72 136 1
72 137 1
72 138 2
72 139 2
72 141 1
72 155 1
72 163 2
72 170 1
72 173 1
72 174 5
72 177 1
72 185 3
72 193 4
73 104 1
73 107 1
73 131 1
73 132 3
73 134 1
73 136 2
73 137 1
73 138 1
73 142 1
73 147 1
73 150 2
73 151 1
73 152 1
73 156 1
73 157 5
73 160 1
73 170 4
73 172 1
73 181 1
73 182 1
73 185 1
73 186 1
73 188 3
73 193 1
73 194 1
73 196 2
73 198 1
74 101 2
74 102 1
74 106 2
74 119 1
74 120 1
74 127 1
74 129 1
74 134 1
74 135 1
74 137 2
74 138 3
74 139 1
74 142 1
74 143 1
74 156 1
74 157 2
74 163 1
74 165 2
74 167 3
74 168 1
74 172 1
74 174 1
74 175 1
74 177 2
74 178 3
74 181 1
74 183 1
74 187 2
74 198 1
74 199 1
75 112 1
75 113 1
75 114 1
75 118 1
75 119 2
75 122 1
75 130 1
75 134 1
75 137 2
75 142 2
75 143 1
75 150 4
75 153 1
75 158 2
75 159 1
75 174 3
75 175 1
75 181 1
75 186 1
75 187 1
75 192 1
75 195 1
75 198 1
75 199 2
76 112 1
76 116 2
76 121 2
76 122 1
76 123 1
76 125 2
76 127 1
76 137 2
76 139 2
76 144 1
76 146 3
76 147 2
76 152 1
76 153 2
76 155 4
76 160 3
76 166 2
76 168 2
76 170 1
76 174 1
76 187 1
76 191 5
76 200 1
77 102 1
77 103 1
77 118 5
77 119 2
77 137 1
77 144 1
77 146 2
77 151 2
77 156 1
77 158 1
77 160 1
77 165 5
77 169 1
77 180 1
77 188 1
77 189 1
77 194 2
77 198 1
78 108 3
78 112 1
78 113 1
78 114 1
78 117 3
78 120 1
78 127 1
78 129 2
78 131 3
78 139 1
78 141 2
78 147 1
78 149 1
78 154 2
78 170 1
78 173 1
78 182 1
78 185 1
78 195 2
79 110 2
79 114 1
79 119 1
79 127 2
79 130 2
79 133 2
79 137 1
79 143 3
79 149 2
79 151 2
79 152 1
79 160 1
79 163 2
79 165 2
79 172 1
79 174 1
79 176 1
79 177 2
79 182 1
79 185 1
79 186 1
79 191 2
79 198 2
80 104 2
80 111 1
80 112 3
80 116 1
80 117 1
80 119 2
80 127 1
80 129 1
80 130 2
80 141 1
80 143 2
80 145 3
80 146 1
80 152 1
80 153 2
80 158 2
80 160 1
80 165 1
80 172 1
80 174 1
80 175 1
80 176 1
80 177 2
80 185 1
80 190 1
80 194 3
80 197 1
80 199 1
81 110 2
81 112 1
81 115 1
81 117 1
81 118 1
81 120 1
81 126 1
81 128 2
81 135 2
81 150 2
81 151 1
81 155 3
81 157 1
81 161 1
81 162 1
81 164 3
81 180 1
81 182 1
81 186 3
81 198 3
81 200 3
82 106 2
82 110 2
82 115 2
82 116 1
82 123 1
82 125 1
82 127 2
82 129 2
82 136 1
82 140 2
82 144 1
82 148 1
82 156 2
82 157 2
82 160 1
82 161 1
82 162 1
82 163 2
82 165 2
82 168 1
82 172 1
82 178 2
82 180 3
83 101 4
83 105 2
83 109 1
83 110 1
83 116 3
83 122 1
83 132 1
83 133 1
83 135 1
83 142 1
83 143 1
83 144 2
83 150 2
83 151 1
83 155 1
83 157 2
83 164 2
83 167 1
83 171 1
83 175 2
83 176 2
83 183 2
83 185 2
83 187 1
83 188 1
83 189 1
83 194 1
83 200 1
84 103 1
84 107 1
84 108 3
84 113 1
84 114 1
84 117 3
84 118 4
84 129 1
84 130 2
84 136 1
84 137 1
84 138 1
84 139 1
84 145 2
84 155 1
84 161 1
84 170 1
84 173 2
84 175 1
84 183 1
84 187 1
84 188 1
84 189 2
84 200 1
85 110 1
85 112 1
85 127 1
85 130 1
85 133 3
85 142 1
85 147 1
85 149 4
85 161 1
85 162 2
85 178 1
85 183 2
85 186 1
85 187 1
85 192 3
85 195 1
85 198 3
86 106 1
86 108 1
86 109 1
86 116 1
86 117 1
86 122 2
86 124 1
86 126 2
86 128 2
86 132 1
86 133 1
86 137 3
86 149 7
86 152 1
86 153 1
86 160 1
86 165 2
86 178 1
86 180 1
86 182 1
86 186 1
86 187 1
86 194 1
87 101 4
87 105 3
87 107 1
87 110 2
87 111 1
87 112 1
87 115 1
87 117 1
87 118 1
87 130 1
87 149 1
87 150 1
87 162 2
87 163 1
87 164 1
87 168 1
87 171 1
87 174 1
87 179 2
87 196 2
87 197 1
87 198 1
88 109 1
88 111 1
88 112 4
88 115 2
88 122 1
88 123 1
88 124 1
88 129 1
88 133 1
88 137 3
88 138 1
88 143 2
88 144 1
88 145 2
88 153 1
88 156 2
88 157 1
88 168 1
88 170 1
88 173 1
88 176 2
88 177 3
88 184 2
88 191 1
88 194 1
88 198 2
88 199 1
89 101 1
89 104 1
89 106 1
89 109 1
89 115 2
89 118 1
89 119 2
89 126 1
89 127 2
89 131 4
89 139 4
89 140 1
89 141 4
89 142 2
89 144 1
89 145 2
89 147 1
89 148 3
89 149 1
89 151 1
89 152 1
89 156 1
89 162 1
89 167 1
89 176 1
89 180 1
89 182 1
89 185 1
89 189 1
89 190 1
89 191 3
89 193 1
89 194 1
89 195 1
89 197 1
89 198 1
90 102 2
90 108 1
90 112 1
90 118 3
90 125 2
90 128 3
90 132 2
90 137 5
90 140 1
90 141 2
90 142 2
90 148 1
90 154 1
90 158 1
90 161 1
90 163 1
90 167 1
90 169 1
90 174 1
90 179 2
90 185 4
90 186 1
90 189 1
90 195 3
91 106 2
91 112 2
91 117 1
91 126 3
91 128 3
91 134 3
91 140 1
91 141 5
91 144 1
91 145 1
91 146 1
91 149 2
91 153 1
91 155 3
91 157 1
91 162 1
91 163 1
91 165 1
91 171 1
91 172 1
91 176 2
91 177 2
91 182 1
91 191 2
91 194 1
92 106 2
92 113 1
92 114 1
92 116 1
92 126 3
92 128 2
92 135 2
92 140 1
92 150 1
92 153 1
92 159 1
92 178 4
92 180 4
92 185 2
92 187 1
92 193 1
92 196 2
92 199 1
93 106 3
93 113 1
93 123 1
93 129 1
93 132 1
93 134 3
93 135 1
93 138 2
93 144 3
93 147 1
93 148 2
93 150 1
93 152 3
93 159 2
93 161 1
93 164 1
93 166 1
93 171 1
93 177 1
93 185 1
93 187 1
93 188 1
93 190 1
93 195 1
93 200 1
94 104 1
94 105 1
94 108 1
94 114 1
94 115 1
94 122 6
94 124 2
94 126 3
94 130 3
94 141 1
94 145 1
94 155 1
94 159 1
94 163 1
94 164 1
94 165 2
94 175 1
94 181 1
94 183 3
94 188 2
94 190 1
94 193 2
94 196 2
94 199 4
94 200 1
95 108 1
95 116 1
95 122 1
95 125 1
95 131 1
95 132 1
95 138 4
95 139 1
95 145 1
95 148 1
95 157 2
95 164 1
95 165 1
95 170 1
95 172 1
95 173 2
95 181 5
95 182 1
95 183 1
95 187 2
95 195 1
95 198 1
95 199 1
96 102 1
96 104 2
96 107 1
96 115 1
96 121 2
96 122 2
96 124 3
96 125 1
96 133 1
96 135 1
96 136 1
96 139 1
96 156 3
96 159 1
96 167 2
96 170 1
96 173 1
96 175 1
96 177 2
96 179 1
96 183 1
96 184 2
97 101 1
97 107 4
97 109 2
97 115 2
97 116 2
97 124 1
97 125 1
97 134 1
97 136 2
97 138 1
97 143 1
97 145 5
97 147 1
97 152 1
97 160 1
97 163 1
97 170 1
97 174 1
97 179 1
97 181 1
97 185 4
97 186 3
97 188 2
97 195 1
98 121 2
98 126 3
98 128 1
98 132 1
98 133 1
98 137 1
98 138 2
98 141 1
98 146 1
98 147 2
98 150 3
98 156 1
98 163 1
98 172 1
98 178 1
98 182 1
98 192 1
99 102 1
99 106 2
99 111 3
99 121 6
99 124 1
99 125 1
99 126 1
99 135 1
99 137 2
99 144 1
99 150 1
99 151 1
99 158 1
99 162 5
99 165 4
99 167 1
99 168 2
99 172 1
99 173 1
99 178 1
99 182 1
99 183 1
99 187 1
99 189 2
99 192 1
99 193 1
99 195 3
99 197 1
100 110 1
100 111 4
100 121 1
100 124 1
100 133 3
100 135 1
100 138 5
100 139 1
100 141 1
100 145 1
100 149 2
100 156 2
100 158 1
100 159 3
100 160 1
100 162 1
100 168 2
100 172 1
100 178 1
100 182 1
100 183 2
100 188 1
100 189 1
100 191 1
100 193 1
100 194 2
100 197 1
100 200 1
