100 100 20 1246
#constraints
102 103
101 104
105 109
107 111
101 113
105 114
114 118
107 132
105 139
107 143
104 147
115 150
129 157
107 159
150 170
135 172
124 173
135 174
131 182
114 183
#edges
1 138 2
1 148 3
1 161 4
1 163 1
1 165 5
1 168 3
1 183 2
1 189 1
1 195 1
1 197 2
1 199 1
2 107 1
2 127 1
2 140 2
2 156 1
2 161 1
2 173 1
2 185 1
2 187 1
2 189 1
2 198 2
3 118 2
3 127 1
3 129 1
3 147 1
3 151 1
3 166 1
3 168 1
3 169 1
3 173 2
3 198 1
4 102 1
4 106 3
4 126 2
4 133 1
4 135 2
4 137 1
4 153 1
4 165 7
4 166 3
4 173 1
4 176 1
4 177 1
4 181 2
4 182 1
4 186 1
4 187 2
4 200 1
5 111 1
5 133 4
5 135 3
5 137 2
5 138 1
5 139 1
5 144 1
5 145 1
5 152 2
5 165 1
5 167 2
5 172 1
5 177 1
5 182 2
5 188 1
6 102 2
6 106 1
6 109 1
6 110 2
6 111 1
6 112 2
6 114 1
6 118 2
6 119 1
6 148 1
6 158 1
6 159 1
6 175 3
6 189 2
7 105 2
7 109 1
7 116 1
7 124 1
7 145 1
7 155 1
7 166 3
7 185 4
7 194 1
8 102 3
8 120 1
8 121 1
8 129 4
8 130 3
8 131 2
8 132 2
8 139 1
8 153 3
8 154 2
8 156 2
8 161 2
8 167 2
8 169 2
8 173 1
8 176 2
8 185 1
8 193 2
8 198 1
8 200 1
9 101 1
9 107 2
9 109 1
9 111 1
9 124 1
9 129 2
9 131 2
9 157 2
9 160 3
9 174 1
10 101 1
10 105 1
10 116 3
10 124 1
10 128 2
10 142 1
10 144 1
10 159 1
10 163 1
11 111 3
11 113 3
11 116 3
11 125 3
11 126 1
11 150 2
11 152 1
11 157 2
11 167 1
11 172 2
11 176 1
11 194 2
12 105 1
12 120 4
12 122 2
12 137 8
12 148 1
12 168 2
12 172 1
12 177 1
12 185 1
13 116 3
13 127 2
13 133 1
13 136 3
13 152 1
13 158 1
13 187 1
13 198 1
14 102 2
14 115 1
14 117 3
14 127 2
14 144 1
14 148 1
14 149 1
14 150 3
14 154 1
14 161 1
14 166 1
14 186 3
14 192 1
14 198 1
15 103 1
15 109 1
15 130 1
15 152 1
15 180 2
15 191 2
15 192 1
15 196 1
16 103 1
16 120 2
16 132 1
16 150 1
16 159 1
16 168 5
16 177 1
16 180 1
16 183 1
16 186 1
17 112 1
17 113 1
17 116 2
17 123 1
17 125 3
17 127 1
17 134 2
17 143 1
17 145 1
17 150 1
17 156 1
17 161 3
17 162 1
17 163 2
17 175 1
17 182 2
17 187 2
17 198 2
18 101 1
18 111 1
18 114 2
18 177 2
18 183 3
18 195 1
19 113 5
19 130 1
19 134 2
19 135 1
19 147 1
19 148 1
19 157 1
19 164 1
19 178 2
19 191 1
19 198 1
20 101 1
20 120 1
20 123 1
20 136 1
20 147 2
20 148 1
20 150 1
20 166 2
20 171 2
20 178 4
20 181 1
20 182 3
20 183 1
20 190 2
20 191 1
20 193 1
20 198 1
21 108 1
21 111 1
21 115 1
21 116 1
21 121 1
21 134 1
21 136 1
21 143 1
21 150 2
21 152 1
21 170 1
21 176 1
21 190 1
21 199 1
22 102 1
22 105 2
22 117 1
22 122 1
22 131 1
22 139 1
22 146 1
22 153 2
22 170 2
22 171 1
22 173 2
22 178 1
22 179 1
22 186 1
22 193 1
23 113 1
23 123 2
23 127 2
23 140 2
23 154 1
23 155 1
23 169 3
23 186 1
24 110 2
24 119 1
24 126 1
24 128 1
24 132 1
24 135 1
24 138 1
24 148 1
24 153 1
24 157 2
24 182 2
24 190 1
24 195 2
24 198 2
25 107 2
25 112 2
25 116 1
25 125 1
25 127 1
25 128 1
25 149 3
25 151 1
25 159 1
25 160 1
25 179 1
25 185 1
25 189 1
25 197 2
26 101 3
26 106 3
26 109 2
26 113 2
26 118 3
26 120 2
26 144 1
26 146 1
26 155 1
26 166 1
26 176 1
26 181 2
26 184 1
26 190 2
27 111 1
27 116 1
27 127 1
27 136 2
27 141 3
27 146 1
27 147 1
27 152 1
27 169 1
27 191 1
27 196 1
28 105 1
28 108 1
28 119 1
28 128 1
28 139 1
28 145 2
28 147 1
28 156 1
28 159 2
28 163 1
28 167 2
28 170 1
28 171 1
28 176 1
28 194 1
29 116 1
29 117 1
29 128 1
29 129 1
29 130 1
29 131 2
29 136 1
29 143 1
29 145 4
29 147 1
29 150 1
29 155 1
29 166 1
29 177 1
29 183 1
29 189 1
29 196 1
29 197 2
29 200 2
30 102 1
30 115 5
30 121 1
30 143 2
30 149 1
30 168 2
30 171 1
30 183 1
30 199 1
31 114 1
31 117 1
31 122 2
31 125 1
31 131 1
31 135 1
31 137 1
31 150 5
31 155 1
31 156 1
31 165 1
31 171 3
31 181 1
31 188 1
31 194 1
32 121 1
32 125 1
32 131 2
32 135 3
32 142 1
32 145 1
32 148 1
32 158 1
32 173 2
32 195 1
32 197 1
33 111 1
33 125 3
33 128 1
33 137 2
33 138 1
33 139 1
33 143 1
33 158 2
33 159 1
33 165 3
33 177 1
33 179 1
33 181 1
33 190 3
33 194 3
34 102 1
34 127 1
34 128 1
34 132 2
34 133 2
34 134 2
34 141 1
34 157 2
34 165 2
34 172 1
34 196 3
34 198 3
34 199 2
34 200 1
35 110 1
35 120 3
35 136 6
35 158 1
35 164 2
35 166 2
35 181 1
35 186 4
35 190 1
35 197 1
36 104 1
36 105 4
36 116 1
36 128 1
36 129 3
36 130 3
36 142 1
36 145 1
36 154 2
36 161 1
36 176 3
36 183 3
36 188 1
36 197 1
36 198 3
37 101 3
37 102 1
37 112 1
37 114 2
37 128 1
37 131 1
37 144 1
37 145 2
37 146 4
37 159 1
37 166 3
37 171 3
37 182 1
37 185 1
37 188 1
37 194 2
38 112 2
38 125 2
38 135 2
38 138 1
38 144 1
38 152 1
38 162 1
38 163 2
39 105 1
39 134 2
39 139 1
39 143 2
39 150 1
39 160 1
39 162 1
39 164 1
39 168 1
39 177 2
39 178 2
39 179 2
39 191 1
39 192 1
39 196 1
40 103 1
40 104 3
40 106 3
40 133 1
40 148 2
40 151 2
40 156 1
40 157 2
40 162 2
40 164 1
40 168 1
40 172 2
40 181 1
40 182 1
40 192 1
40 195 1
40 196 1
40 197 1
41 103 1
41 128 1
41 133 1
41 137 1
41 140 6
41 142 1
41 145 1
41 150 1
41 154 3
41 159 1
41 169 1
41 176 1
41 177 2
41 188 1
41 192 3
42 107 3
42 112 5
42 138 1
42 139 4
42 144 1
42 160 1
42 161 2
42 181 1
42 183 2
42 188 1
42 193 5
42 197 2
42 200 1
43 109 7
43 120 2
43 123 1
43 124 2
43 127 1
43 129 2
43 136 4
43 139 1
43 147 2
43 149 1
43 159 1
43 170 2
43 179 1
43 200 2
44 102 2
44 116 4
44 132 2
44 150 1
44 153 2
44 164 2
44 173 1
44 191 3
44 195 2
44 199 4
45 102 2
45 111 1
45 113 1
45 127 1
45 131 1
45 134 2
45 136 2
45 137 2
45 138 2
45 141 2
45 143 4
45 150 3
45 155 1
45 159 1
45 162 1
45 165 2
45 173 2
45 186 1
46 111 1
46 114 1
46 118 1
46 121 3
46 127 1
46 138 2
46 149 1
46 152 3
46 155 1
46 158 1
46 163 1
46 170 1
46 171 1
46 176 1
46 177 1
46 188 2
46 190 1
46 191 1
46 193 3
47 105 2
47 115 1
47 137 2
47 142 1
47 143 3
47 144 1
47 156 1
47 162 2
47 183 2
47 188 1
47 191 1
47 196 1
48 103 1
48 117 1
48 123 2
48 126 3
48 128 2
48 135 1
48 138 1
48 147 3
48 152 1
48 166 2
48 187 2
48 189 2
48 191 2
48 199 3
49 111 3
49 113 3
49 114 1
49 121 3
49 126 1
49 127 2
49 139 1
49 162 1
49 180 3
49 184 2
49 187 1
49 190 2
50 101 3
50 106 2
50 115 1
50 130 2
50 135 1
50 157 1
50 172 1
50 192 5
50 195 3
51 102 1
51 131 1
51 147 1
51 150 1
51 162 1
51 164 2
51 177 2
51 185 1
51 189 2
51 193 2
52 112 1
52 117 1
52 123 1
52 124 1
52 129 1
52 130 1
52 131 1
52 141 1
52 158 2
52 165 2
52 174 1
52 178 1
52 181 1
52 187 2
52 194 1
52 200 1
53 102 1
53 106 2
53 122 1
53 126 1
53 139 1
53 152 2
53 155 1
53 158 1
53 160 2
53 164 3
53 177 1
53 200 1
54 111 1
54 126 1
54 135 2
54 140 1
54 141 1
54 142 2
54 157 1
54 189 1
54 191 1
54 194 1
54 195 1
54 196 1
55 103 1
55 109 3
55 111 1
55 112 3
55 122 1
55 125 1
55 126 1
55 139 1
55 143 1
55 147 1
55 148 1
55 177 1
55 197 4
55 199 2
56 105 1
56 109 2
56 124 1
56 135 1
56 136 1
56 157 2
56 169 1
56 181 1
57 102 1
57 104 3
57 122 2
57 130 3
57 133 2
57 148 4
57 155 2
57 171 1
57 179 1
57 181 4
57 182 2
57 183 1
57 190 2
58 117 3
58 120 1
58 126 1
58 166 1
58 190 1
58 198 1
58 199 1
59 104 3
59 121 1
59 130 1
59 140 1
59 156 5
59 164 2
59 174 1
59 181 1
59 185 1
59 191 1
59 195 1
60 108 1
60 113 1
60 145 2
60 147 3
60 148 1
60 152 4
60 153 2
60 164 1
60 167 1
60 178 1
60 198 1
61 113 1
61 120 4
61 124 1
61 146 1
61 147 2
61 148 1
61 167 1
61 176 2
61 185 2
61 190 1
61 195 2
62 125 1
62 137 1
62 138 1
62 141 1
62 143 1
62 152 1
62 168 1
62 175 2
62 187 2
63 104 1
63 105 3
63 110 3
63 120 2
63 143 1
63 149 1
63 154 5
63 173 1
63 177 1
63 187 1
63 189 2
63 190 1
64 102 1
64 107 1
64 113 1
64 114 1
64 117 2
64 136 2
64 138 1
64 139 1
64 140 1
64 159 2
64 163 1
64 170 1
64 174 4
64 179 1
64 185 1
65 111 1
65 112 3
65 152 3
65 161 2
65 176 1
65 184 1
65 185 1
65 187 2
66 110 1
66 114 1
66 118 1
66 140 3
66 162 1
66 176 1
66 178 3
66 190 1
66 196 1
67 108 2
67 114 1
67 122 1
67 142 1
67 148 5
67 149 3
67 150 1
67 152 2
67 156 1
67 161 2
67 174 3
67 186 3
68 101 2
68 118 1
68 137 1
68 160 1
68 167 2
68 177 1
68 183 1
69 101 3
69 103 3
69 107 2
69 114 3
69 130 1
69 147 1
69 154 2
69 161 1
69 173 1
69 186 1
70 123 1
70 132 1
70 134 3
70 140 1
70 159 1
70 163 3
70 182 2
70 185 1
70 191 2
70 192 3
70 198 1
71 136 2
71 149 1
71 158 1
71 181 1
71 189 1
71 195 1
71 200 3
72 112 1
72 117 1
72 118 2
72 120 1
72 124 3
72 126 1
72 147 1
72 155 1
72 165 1
72 169 1
72 171 2
72 183 1
72 191 1
73 102 1
73 104 1
73 110 2
73 113 3
73 124 3
73 126 1
73 128 1
73 129 2
73 132 1
73 134 1
73 178 2
73 181 1
73 187 2
73 190 1
73 193 1
74 117 3
74 118 3
74 120 1
74 133 1
74 139 1
74 148 1
74 155 1
74 166 2
74 171 1
74 172 1
74 175 2
74 176 2
74 177 1
74 186 1
74 191 1
74 196 1
75 102 2
75 104 1
75 123 2
75 143 1
75 151 1
75 154 1
75 159 2
75 170 2
75 177 2
75 178 2
75 193 1
75 194 1
75 199 1
76 101 3
76 117 1
76 125 1
76 130 2
76 136 3
76 137 3
76 143 1
76 144 3
76 151 1
76 155 1
76 161 1
76 162 1
76 169 3
76 170 4
76 172 2
76 179 1
76 185 1
76 187 1
76 189 4
76 194 1
76 197 1
77 106 2
77 110 3
77 112 1
77 118 2
77 121 1
77 126 1
77 133 1
77 134 2
77 145 1
77 158 1
77 159 2
77 161 1
77 163 2
77 172 3
77 200 1
78 107 1
78 109 1
78 114 1
78 115 3
78 122 1
78 129 1
78 138 1
78 139 1
78 157 2
78 159 1
78 165 1
78 168 2
78 174 1
78 186 1
78 188 1
78 197 2
79 113 1
79 115 1
79 117 1
79 122 1
79 127 2
79 135 2
79 142 1
79 143 1
79 154 1
79 169 2
79 181 2
79 196 1
80 105 1
80 106 1
80 114 1
80 140 2
80 141 1
80 143 3
80 149 2
80 152 1
80 156 2
80 162 4
80 163 1
80 188 2
80 197 1
81 103 1
81 114 1
81 127 1
81 142 1
81 152 2
81 155 3
81 162 2
81 181 4
81 190 1
81 191 2
82 119 1
82 144 2
82 155 1
82 157 1
82 160 1
82 172 2
82 179 3
82 190 2
82 192 1
83 109 1
83 112 4
83 139 5
83 140 1
83 142 1
83 144 1
83 159 1
83 162 1
83 164 1
83 167 2
83 168 1
83 174 1
83 177 1
83 178 1
83 179 1
84 105 1
84 107 1
84 113 1
84 126 1
84 127 1
84 129 6
84 152 3
84 156 2
84 159 1
84 166 1
84 168 1
84 170 1
84 173 1
84 178 2
84 185 2
84 187 1
84 190 1
84 191 1
85 104 1
85 123 1
85 135 1
85 138 1
85 152 1
85 154 1
85 175 1
85 180 4
85 191 2
86 112 1
86 133 1
86 140 2
86 142 2
86 148 6
86 157 1
86 167 2
86 168 2
86 174 1
86 179 1
86 183 1
86 191 2
86 194 1
87 112 1
87 118 1
87 126 1
87 134 1
87 141 1
87 144 2
87 154 1
87 155 1
87 166 3
87 178 1
88 106 2
88 127 3
88 128 2
88 148 2
88 157 4
88 163 1
88 197 1
89 105 1
89 111 3
89 129 1
89 136 2
89 143 1
89 144 1
89 160 1
89 161 2
89 162 1
89 181 1
89 182 1
89 185 1
89 197 1
89 200 1
90 132 2
90 133 1
90 134 1
90 142 1
90 146 2
90 149 1
90 152 1
90 153 1
90 159 2
90 172 1
90 178 1
90 179 1
90 191 3
90 197 2
90 199 1
91 101 1
91 102 2
91 111 2
91 125 4
91 129 1
91 130 2
91 137 2
91 141 4
91 143 1
91 148 3
91 164 2
91 165 1
91 171 1
91 172 1
91 184 2
91 185 1
92 107 1
92 112 1
92 131 1
92 136 3
92 149 4
92 162 3
92 164 1
92 165 1
92 182 1
92 186 2
92 191 1
93 108 2
93 109 5
93 120 2
93 146 3
93 152 1
93 154 1
93 172 1
93 173 2
93 177 1
93 187 1
93 188 2
94 104 1
94 116 1
94 124 1
94 128 1
94 129 1
94 130 1
94 133 1
94 135 1
94 145 2
94 150 1
94 153 2
94 156 1
94 161 1
94 175 1
94 195 1
95 116 1
95 117 1
95 118 1
95 119 2
95 129 1
95 135 2
95 142 1
95 143 2
95 151 1
95 161 1
95 166 1
95 170 2
95 192 1
96 106 1
96 112 2
96 119 1
96 129 2
96 147 1
96 154 1
96 170 1
96 171 4
96 180 2
96 181 3
96 187 1
96 199 3
96 200 1
97 125 1
97 126 1
97 146 1
97 151 1
97 167 1
97 173 1
97 181 2
97 182 1
97 193 2
97 198 3
98 120 1
98 122 1
98 134 1
98 135 2
98 141 1
98 150 3
98 154 2
98 167 1
98 171 1
98 185 3
99 104 1
99 105 2
99 135 1
99 139 1
99 151 1
99 160 1
99 164 3
99 181 1
99 190 2
99 192 1
100 106 1
100 110 1
100 114 1
100 125 2
100 129 3
100 143 1
100 145 1
100 165 1
100 172 3
100 173 2
100 178 1
100 185 1
100 186 5
100 192 1
