100 100 20 1078
#constraints
108 121
113 124
108 132
129 134
131 136
121 142
127 146
129 147
124 148
112 157
111 166
101 167
165 168
159 169
166 174
153 175
164 188
110 189
173 191
132 200
#edges
1 114 3
1 125 1
1 133 3
1 147 1
1 152 1
1 168 2
1 190 1
2 110 1
2 124 1
2 126 2
2 130 1
2 142 2
2 150 1
2 158 2
2 174 1
2 177 2
2 178 1
3 109 3
3 115 2
3 122 1
3 129 1
3 141 1
3 157 1
3 161 1
3 165 3
3 166 1
3 170 1
3 180 1
4 105 1
4 111 1
4 120 1
4 121 1
4 122 3
4 129 1
4 132 1
4 139 1
4 156 1
4 160 2
4 173 1
4 183 1
4 190 2
4 192 1
5 103 2
5 110 1
5 115 4
5 123 2
5 125 1
5 126 1
5 128 1
5 150 1
5 153 1
5 156 2
5 170 1
5 171 1
5 195 1
6 120 1
6 136 1
6 138 2
6 158 2
6 159 1
6 160 1
6 161 1
6 193 2
6 195 1
6 196 1
6 200 3
7 129 1
7 138 1
7 150 2
7 181 1
7 187 1
8 101 1
8 103 1
8 156 1
8 157 2
8 161 1
8 189 1
8 193 1
8 196 1
9 101 2
9 117 1
9 119 1
9 125 1
9 127 1
9 139 2
9 141 1
9 148 2
9 158 1
9 190 2
9 193 1
9 196 1
9 197 2
10 108 2
10 110 2
10 113 3
10 135 1
10 139 1
10 140 1
10 141 1
10 142 1
10 144 2
10 159 1
10 160 3
10 171 2
10 173 1
10 182 1
10 186 1
10 187 1
11 101 1
11 105 1
11 109 1
11 121 1
11 172 1
11 191 1
11 195 1
12 103 1
12 105 1
12 107 2
12 108 1
12 112 2
12 120 1
12 122 1
12 135 1
12 139 2
12 144 1
12 152 1
12 154 2
12 160 2
12 164 3
12 167 2
12 189 1
12 197 2
13 102 1
13 104 2
13 114 1
13 133 3
13 134 3
13 139 1
13 147 1
13 149 1
13 155 1
13 166 1
13 169 1
13 170 1
13 171 1
13 177 2
13 181 1
13 192 1
14 102 3
14 104 2
14 122 1
14 128 1
14 137 1
14 144 3
14 156 1
14 158 5
14 159 1
14 171 2
14 182 1
14 195 1
14 198 1
15 103 1
15 104 1
15 106 2
15 120 1
15 121 5
15 122 1
15 138 3
15 156 2
15 163 1
15 174 1
15 186 1
16 115 2
16 133 1
16 134 2
16 135 2
16 139 1
16 141 1
16 148 1
16 156 1
16 181 4
16 182 1
16 187 1
17 105 3
17 106 1
17 120 1
17 121 1
17 128 1
17 130 1
17 142 3
17 143 2
17 148 3
17 154 1
17 155 1
17 158 4
17 184 1
17 190 1
17 193 2
17 197 2
18 115 2
18 138 1
18 140 1
18 145 1
18 155 1
18 156 1
18 157 2
18 165 2
18 170 1
18 181 1
18 198 1
19 106 2
19 115 2
19 126 4
19 129 1
19 134 3
19 152 1
19 160 1
19 162 2
19 178 1
20 103 1
20 109 2
20 114 1
20 116 1
20 117 1
20 126 1
20 130 2
20 131 2
20 135 2
20 136 1
20 139 2
20 144 1
20 149 4
20 159 1
20 162 1
20 169 2
20 176 2
20 183 1
20 197 2
20 198 1
21 108 1
21 131 2
21 171 1
21 191 1
21 197 1
22 108 1
22 112 2
22 125 2
22 144 2
22 148 1
22 150 1
22 154 1
22 171 1
22 178 2
22 180 1
22 183 2
22 184 1
23 101 1
23 114 2
23 136 1
23 173 1
23 177 1
23 185 1
23 194 1
24 108 1
24 143 4
24 147 4
24 161 4
24 168 1
24 186 2
25 115 1
25 121 1
25 122 1
25 127 3
25 132 1
25 136 2
25 137 6
25 141 3
25 153 1
25 170 1
25 179 2
25 188 1
25 191 3
25 198 1
26 106 1
26 108 2
26 119 1
26 140 1
26 151 1
26 170 1
26 183 3
26 185 1
26 186 1
27 108 1
27 116 2
27 120 1
27 129 1
27 132 1
27 140 2
27 144 1
27 159 1
27 162 1
27 173 1
27 183 3
28 115 1
28 133 1
28 147 3
28 155 1
28 170 2
28 184 2
28 192 1
29 103 1
29 108 2
29 130 1
29 139 1
29 152 1
29 155 2
29 162 1
29 169 6
29 172 2
29 173 1
29 180 2
29 190 1
29 192 3
30 102 1
30 107 1
30 111 1
30 119 1
30 173 1
30 175 1
30 177 3
30 187 1
30 193 3
31 106 2
31 111 1
31 122 1
31 144 1
31 157 2
31 160 1
31 165 2
31 172 1
31 176 2
31 193 1
31 200 1
32 106 2
32 113 1
32 114 2
32 115 5
32 124 2
32 135 1
32 143 3
32 154 1
32 174 2
32 181 6
32 197 1
33 114 1
33 131 4
33 133 2
33 140 2
33 153 2
33 157 1
33 167 1
33 177 2
33 194 4
33 198 1
33 200 1
34 103 1
34 110 3
34 111 4
34 113 2
34 139 1
34 149 1
34 160 1
34 164 1
34 172 3
34 180 3
34 191 3
34 196 1
35 107 6
35 110 4
35 117 2
35 126 1
35 129 1
35 133 2
35 143 2
35 146 2
35 163 2
35 165 1
35 173 1
35 184 1
36 106 2
36 125 2
36 127 1
36 128 1
36 132 1
36 133 1
36 150 1
36 151 1
36 153 2
36 176 3
36 199 3
37 111 1
37 114 1
37 121 2
37 122 3
37 125 3
37 136 1
37 142 1
37 147 1
37 153 2
37 169 1
37 178 2
37 180 2
37 197 2
38 117 1
38 127 1
38 136 6
38 158 3
38 160 2
38 171 1
38 180 1
38 184 1
38 186 1
38 193 1
39 112 1
39 128 3
39 131 1
39 137 1
39 139 1
39 143 1
39 144 1
39 161 2
39 165 3
39 184 1
39 188 1
39 198 2
40 109 3
40 144 1
40 157 1
40 162 1
40 166 3
40 178 1
40 181 1
40 188 1
40 192 1
40 196 1
41 108 3
41 116 2
41 118 2
41 152 1
41 183 3
41 187 1
41 199 1
41 200 2
42 105 2
42 118 2
42 129 1
42 136 3
42 151 1
42 157 1
42 197 3
42 198 1
43 106 3
43 115 1
43 119 1
43 121 1
43 124 2
43 125 3
43 137 1
43 139 1
43 155 2
43 156 2
43 157 1
43 158 2
43 159 4
43 167 2
43 172 3
43 173 2
43 177 1
44 101 1
44 111 1
44 124 1
44 136 1
44 144 1
44 163 1
44 166 3
44 167 1
44 182 2
44 200 1
45 101 1
45 107 1
45 117 1
45 140 1
45 142 1
45 148 1
45 157 1
45 159 1
45 164 1
45 166 1
45 167 1
45 172 1
45 174 8
45 192 1
45 199 1
46 115 2
46 167 1
46 169 1
46 172 1
46 181 2
47 140 3
47 161 1
47 168 1
47 174 1
47 180 1
47 197 1
48 108 1
48 125 1
48 141 1
48 147 1
48 151 1
48 153 1
48 154 1
48 157 1
48 158 1
48 172 2
48 177 1
48 181 1
48 187 3
49 113 2
49 114 1
49 119 1
49 129 1
49 143 2
49 145 2
49 160 2
49 172 1
49 173 1
49 183 1
50 104 1
50 115 2
50 116 2
50 131 1
50 138 1
50 141 1
50 147 4
50 155 1
50 162 2
50 178 1
50 192 1
51 120 3
51 132 1
51 138 1
51 140 2
51 149 1
51 150 2
51 156 1
51 162 3
51 189 1
51 196 2
51 197 3
51 200 1
52 102 2
52 123 1
52 127 2
52 139 3
52 148 4
52 152 1
52 157 1
52 158 2
52 160 1
52 162 2
52 176 2
52 199 1
53 104 1
53 117 1
53 121 2
53 131 2
53 133 2
53 142 2
53 151 1
53 157 2
53 160 1
53 167 1
53 168 1
53 173 1
53 186 2
53 193 1
53 200 4
54 107 1
54 113 1
54 142 2
54 146 3
54 154 1
54 167 1
54 176 1
54 185 1
55 101 1
55 102 1
55 105 2
55 106 1
55 110 4
55 133 1
55 136 1
55 150 2
55 154 1
55 159 3
55 162 2
55 170 1
55 178 1
55 180 1
55 199 1
56 112 1
56 119 1
56 122 1
56 127 1
56 133 3
56 135 2
56 136 4
56 147 1
56 151 2
56 156 2
56 181 1
56 188 2
57 114 3
57 132 1
57 133 2
57 169 2
57 179 1
57 181 1
57 190 1
57 191 2
58 125 1
58 132 3
58 143 1
58 189 5
59 105 2
59 106 4
59 121 1
59 145 1
59 147 1
59 149 1
59 157 1
59 171 1
59 190 1
60 104 1
60 119 1
60 145 1
60 153 1
60 158 1
60 159 1
60 165 1
60 174 1
60 177 1
60 182 2
60 183 1
60 196 1
61 104 1
61 113 1
61 120 1
61 128 1
61 132 2
61 146 2
61 170 1
61 180 2
61 194 1
61 195 2
61 200 1
62 102 1
62 136 6
62 137 2
62 138 1
62 162 2
62 167 1
62 172 1
63 101 1
63 111 1
63 117 1
63 120 2
63 126 1
63 135 2
63 148 2
63 150 1
63 153 1
63 156 1
63 160 1
63 166 2
63 168 1
63 174 1
63 187 2
64 105 2
64 108 1
64 114 1
64 122 1
64 125 1
64 134 1
64 148 1
64 151 3
64 152 1
64 169 1
64 171 2
64 172 1
65 103 1
65 104 1
65 123 2
65 127 4
65 135 2
65 141 2
65 144 1
65 148 2
65 159 2
65 167 1
65 173 1
65 185 2
65 196 2
66 109 3
66 119 2
66 149 1
66 155 1
66 157 2
66 161 1
66 165 1
66 176 1
66 194 1
66 197 1
66 199 1
67 111 2
67 125 1
67 131 1
67 145 1
67 151 1
67 153 1
67 157 1
67 164 1
67 179 1
68 104 1
68 109 1
68 126 1
68 154 1
68 157 1
68 162 3
68 186 1
68 197 2
69 111 1
69 119 1
69 120 2
69 127 1
69 134 1
69 140 1
69 153 1
69 173 2
70 106 2
70 108 2
70 110 2
70 112 2
70 122 1
70 130 1
70 142 1
70 156 1
70 161 1
70 169 1
70 188 1
70 193 3
71 106 1
71 107 2
71 109 3
71 126 1
71 128 3
71 133 1
71 137 1
71 145 5
71 154 2
71 155 2
71 165 2
71 166 2
71 170 1
71 175 1
71 188 1
71 190 2
71 191 3
71 197 2
72 102 1
72 122 1
72 136 1
72 150 1
72 152 1
72 155 2
72 162 1
72 174 2
72 183 1
72 186 1
72 189 1
72 190 1
72 197 2
72 198 3
73 116 2
73 128 1
73 147 5
73 167 2
73 171 2
74 107 1
74 109 1
74 126 3
74 138 2
74 146 3
74 149 1
74 170 1
74 172 2
74 180 1
75 103 2
75 104 1
75 131 1
75 142 2
75 156 3
75 159 2
75 160 2
75 170 1
75 194 1
76 107 3
76 112 1
76 124 2
76 127 2
76 134 1
76 149 1
76 170 1
76 171 1
76 173 1
76 198 3
76 199 1
77 158 3
77 166 3
77 171 2
77 179 1
77 185 3
77 191 1
78 105 1
78 110 1
78 142 1
78 150 6
78 156 1
78 158 2
78 168 2
78 177 3
78 184 3
78 193 2
79 103 1
79 109 2
79 110 1
79 139 6
79 147 1
79 156 1
79 157 2
79 161 1
79 166 1
79 182 1
79 188 6
79 194 3
80 112 1
80 137 1
80 157 1
80 163 1
80 177 1
80 182 1
81 102 1
81 106 1
81 107 3
81 116 1
81 148 1
81 151 3
81 152 1
81 169 1
81 180 1
81 181 2
81 182 1
81 189 1
81 195 3
81 196 1
82 106 3
82 108 1
82 112 1
82 119 4
82 121 3
82 122 1
82 128 1
82 129 1
82 134 2
82 136 1
82 146 1
82 156 2
82 157 2
82 158 1
82 188 2
82 196 1
82 198 1
83 117 2
83 123 1
83 126 1
83 130 1
83 136 1
83 143 2
83 148 1
83 191 2
84 118 1
84 120 4
84 124 1
84 125 1
84 130 3
84 142 2
84 178 1
84 182 1
84 197 3
85 102 1
85 110 3
85 127 2
85 130 1
85 149 1
85 159 1
85 197 1
86 107 2
86 116 3
86 119 1
86 130 3
86 144 2
86 170 3
86 175 2
86 182 2
86 194 1
86 195 1
87 115 2
87 122 1
87 129 1
87 134 3
87 140 1
87 152 1
87 155 3
87 164 3
87 178 1
87 188 3
88 102 2
88 104 1
88 122 2
88 125 1
88 129 1
88 143 1
88 145 4
88 166 3
88 179 1
88 200 4
89 104 1
89 111 3
89 139 1
89 141 1
89 143 2
89 146 1
89 168 1
89 172 2
90 105 1
90 119 2
90 131 1
90 134 3
90 141 6
90 155 1
90 159 1
90 178 1
90 184 1
91 108 2
91 109 3
91 112 1
91 123 1
91 127 1
91 130 1
91 132 2
91 148 1
91 152 2
91 165 1
91 172 2
91 182 2
92 113 1
92 114 2
92 116 1
92 141 2
92 145 1
92 147 4
92 159 1
92 163 1
92 169 1
92 173 2
92 190 1
92 200 1
93 109 1
93 111 7
93 132 1
93 143 2
93 162 1
93 166 1
93 175 1
94 108 1
94 113 2
94 121 1
94 125 1
94 138 1
94 141 4
94 142 1
94 164 1
94 171 2
94 173 1
94 175 2
94 181 1
94 183 1
94 189 1
94 192 1
94 195 1
94 199 1
94 200 1
95 111 4
95 115 5
95 116 1
95 130 1
95 137 1
95 139 3
95 142 1
95 146 2
95 148 1
95 151 1
95 154 1
95 161 1
95 166 3
96 101 1
96 115 1
96 120 1
96 138 3
96 140 3
96 141 1
96 142 2
96 144 2
96 161 2
96 162 5
96 163 3
96 175 1
96 191 1
97 104 1
97 121 1
97 130 1
97 135 2
97 137 1
97 155 1
97 162 2
97 165 2
97 169 1
97 170 2
97 175 1
97 192 1
98 109 1
98 131 3
98 140 1
98 156 2
98 172 1
98 174 1
98 176 1
98 191 3
99 116 5
99 125 2
99 137 1
99 168 1
99 178 1
99 181 1
100 110 2
100 112 1
100 113 3
100 119 1
100 123 6
100 132 1
100 133 1
100 162 1
100 166 1
100 171 7
100 176 1
100 181 6
100 185 1
100 189 2
