100 100 20 1790
#constraints
101 104
103 107
107 121
108 123
130 137
126 147
104 148
103 151
123 157
150 168
118 170
135 172
152 180
138 185
122 186
142 191
181 192
137 195
156 197
158 198
#edges
1 122 4
1 126 1
1 138 3
1 152 3
1 157 1
1 160 2
1 163 3
1 171 1
1 179 4
1 187 4
1 188 5
2 115 1
2 116 1
2 120 1
2 123 4
2 128 2
2 133 1
2 134 1
2 144 1
2 148 1
2 157 1
2 159 1
2 166 1
2 170 3
2 172 1
2 175 1
2 178 2
2 182 4
2 184 1
2 192 1
2 193 2
3 102 1
3 104 1
3 106 1
3 114 1
3 116 1
3 122 1
3 124 3
3 127 1
3 128 9
3 131 3
3 141 2
3 148 1
3 161 1
3 163 2
3 167 1
3 170 1
3 172 1
3 177 3
3 182 2
3 184 1
3 193 1
3 194 3
3 197 3
4 101 2
4 103 1
4 110 2
4 112 1
4 114 2
4 118 1
4 119 4
4 121 1
4 134 1
4 136 1
4 138 5
4 139 1
4 145 1
4 147 2
4 152 1
4 153 1
4 155 1
4 158 1
4 159 1
4 164 1
4 171 1
4 179 2
4 181 1
4 188 2
4 189 1
4 195 2
5 104 1
5 108 1
5 115 1
5 134 1
5 140 1
5 151 2
5 152 3
5 172 1
5 173 4
5 191 1
5 195 1
6 101 1
6 104 2
6 110 1
6 113 3
6 116 1
6 117 2
6 120 1
6 123 2
6 143 1
6 156 1
6 158 1
6 168 1
6 174 3
6 176 2
6 186 1
6 193 2
7 101 1
7 103 1
7 111 1
7 115 1
7 116 1
7 118 4
7 119 1
7 121 2
7 122 1
7 127 2
7 129 2
7 134 3
7 135 1
7 143 1
7 148 3
7 152 1
7 158 1
7 170 1
7 174 1
7 184 1
7 188 2
7 200 1
8 107 3
8 108 2
8 115 1
8 121 1
8 122 1
8 128 1
8 134 1
8 139 1
8 140 2
8 145 1
8 149 1
8 178 1
8 179 1
8 186 2
8 187 1
8 190 1
8 193 1
8 194 2
9 104 1
9 105 3
9 120 5
9 128 2
9 130 1
9 137 1
9 138 1
9 148 1
9 156 2
9 159 1
9 162 3
9 165 2
9 167 1
9 173 4
9 183 1
9 187 3
9 199 3
10 120 1
10 124 1
10 130 1
10 138 1
10 139 1
10 141 1
10 143 1
10 149 1
10 155 3
10 156 1
10 163 1
10 183 1
10 184 1
10 187 2
10 194 2
11 104 1
11 105 1
11 118 2
11 123 1
11 125 1
11 130 3
11 140 2
11 143 2
11 156 1
11 168 1
11 173 2
11 181 1
11 191 1
11 194 4
11 200 1
12 102 4
12 108 1
12 119 1
12 124 1
12 127 1
12 137 1
12 138 1
12 149 3
12 160 2
12 164 1
12 165 1
12 171 1
12 183 2
12 188 1
13 102 1
13 136 2
13 142 1
13 143 1
13 147 1
13 157 1
13 161 4
13 168 1
14 111 2
14 113 1
14 123 3
14 130 6
14 131 2
14 138 1
14 141 1
14 144 1
14 146 1
14 155 1
14 162 1
14 173 3
14 174 1
14 181 3
14 184 1
14 188 1
14 193 1
14 195 1
15 101 1
15 103 1
15 106 2
15 112 2
15 113 1
15 114 1
15 115 1
15 117 1
15 121 1
15 127 1
15 131 5
15 133 2
15 139 1
15 162 1
15 166 1
15 171 1
15 174 1
15 175 1
15 181 1
15 186 1
15 191 1
15 197 1
15 198 1
16 101 1
16 106 1
16 120 1
16 121 1
16 129 1
16 132 1
16 140 6
16 154 1
16 155 1
16 162 1
16 163 1
16 171 2
16 175 2
16 182 2
16 198 1
17 101 1
17 103 1
17 105 5
17 107 2
17 113 1
17 119 4
17 129 1
17 137 1
17 151 4
17 154 1
17 160 1
17 168 3
17 175 1
17 176 4
17 177 1
17 180 1
17 189 2
17 197 1
18 103 3
18 104 2
18 105 2
18 108 1
18 111 1
18 114 1
18 128 1
18 136 1
18 141 1
18 143 3
18 144 1
18 145 1
18 148 1
18 159 1
18 165 3
18 166 1
18 175 2
18 180 1
18 186 1
18 188 4
18 190 1
18 198 2
19 105 2
19 131 1
19 140 1
19 142 1
19 143 3
19 144 2
19 148 1
19 158 1
19 161 1
19 167 1
19 168 2
19 170 1
19 174 1
19 175 2
19 189 4
19 190 2
19 196 2
19 197 1
20 104 1
20 107 1
20 113 1
20 115 2
20 118 2
20 124 1
20 138 2
20 139 3
20 142 1
20 143 1
20 157 1
20 167 1
20 170 1
20 172 1
20 177 1
20 187 2
20 189 2
20 192 2
20 198 1
21 101 3
21 102 1
21 108 1
21 118 2
21 120 2
21 135 2
21 143 1
21 150 1
21 153 1
21 157 1
21 160 1
21 164 1
21 178 2
21 184 3
21 188 1
21 189 1
21 190 3
21 198 2
22 104 1
22 106 3
22 111 1
22 116 1
22 123 1
22 124 1
22 127 2
22 128 2
22 129 3
22 130 1
22 140 2
22 141 1
22 144 1
22 150 3
22 156 1
22 162 1
22 170 3
22 172 2
22 178 1
22 180 2
22 185 1
22 192 4
23 103 3
23 104 1
23 106 1
23 107 3
23 113 1
23 116 3
23 120 3
23 129 2
23 145 1
23 146 1
23 149 1
23 150 2
23 152 2
23 158 3
23 159 1
23 160 1
23 161 3
23 171 5
23 172 1
23 178 3
23 180 1
23 182 1
24 103 3
24 105 1
24 112 1
24 113 1
24 121 4
24 123 1
24 124 4
24 131 4
24 137 1
24 139 4
24 146 1
24 148 4
24 153 1
24 154 1
24 166 2
24 171 1
24 173 4
24 188 1
24 199 2
25 103 1
25 105 1
25 109 3
25 114 1
25 126 1
25 128 1
25 132 1
25 138 1
25 142 3
25 143 1
25 144 2
25 145 4
25 147 1
25 149 1
25 152 2
25 158 1
25 159 1
25 163 1
25 169 1
25 173 2
25 180 1
25 182 4
25 186 1
25 190 2
26 102 1
26 103 1
26 108 2
26 119 2
26 122 1
26 141 3
26 149 4
26 151 2
26 152 1
26 154 2
26 156 1
26 159 2
26 162 1
26 164 3
26 167 1
26 172 1
26 173 3
26 181 2
26 182 2
26 188 1
26 189 1
26 196 2
27 104 2
27 110 2
27 112 4
27 116 1
27 122 1
27 125 1
27 129 1
27 130 1
27 131 2
27 140 1
27 163 2
27 170 3
27 181 2
27 185 1
27 189 2
28 101 3
28 104 4
28 112 1
28 114 1
28 118 1
28 120 1
28 138 1
28 140 2
28 149 4
28 150 1
28 151 3
28 154 1
28 162 1
28 171 1
28 177 1
28 192 2
28 195 1
29 104 1
29 116 2
29 123 1
29 124 2
29 128 3
29 133 1
29 145 1
29 148 2
29 150 1
29 167 1
29 169 1
29 172 1
29 173 2
29 180 1
29 181 2
29 183 2
29 196 1
30 107 1
30 108 1
30 112 2
30 127 2
30 136 2
30 138 1
30 145 1
30 149 1
30 159 1
30 169 2
30 171 1
30 174 2
30 180 1
30 185 2
30 196 4
30 197 1
31 133 1
31 135 1
31 136 1
31 146 1
31 152 1
31 154 1
31 158 1
31 164 1
31 168 1
31 170 2
31 178 3
31 179 1
31 183 1
31 186 1
31 189 1
31 200 1
32 106 1
32 114 1
32 122 1
32 130 4
32 131 1
32 138 1
32 147 2
32 168 1
32 169 1
32 170 1
32 173 1
32 183 1
32 184 1
32 185 1
32 186 1
32 191 1
33 101 2
33 106 3
33 115 1
33 116 1
33 117 1
33 124 1
33 125 1
33 128 4
33 130 1
33 131 3
33 134 1
33 141 2
33 143 1
33 156 1
33 158 2
33 163 1
33 167 1
33 186 1
33 194 1
33 195 1
34 109 1
34 111 1
34 114 1
34 120 2
34 125 6
34 126 1
34 134 1
34 142 1
34 144 2
34 145 2
34 149 1
34 174 2
34 185 1
34 187 4
34 189 1
34 193 3
34 198 1
35 101 2
35 102 2
35 103 1
35 107 1
35 110 4
35 111 1
35 119 1
35 123 2
35 132 3
35 135 3
35 136 1
35 138 1
35 141 2
35 142 1
35 144 1
35 157 1
35 163 2
35 164 1
35 180 2
35 193 1
35 199 1
36 107 1
36 110 1
36 123 1
36 124 2
36 130 1
36 132 3
36 149 2
36 161 1
36 166 4
36 177 1
36 182 1
36 183 2
36 184 1
36 188 1
36 191 1
36 196 1
36 199 1
37 101 1
37 103 1
37 106 1
37 124 1
37 127 2
37 129 3
37 132 3
37 139 1
37 145 2
37 162 1
37 167 1
37 173 3
37 188 1
38 102 1
38 104 1
38 106 1
38 108 1
38 119 3
38 122 2
38 131 1
38 132 1
38 137 1
38 142 1
38 146 1
38 148 1
38 150 1
38 153 1
38 160 1
38 167 1
38 169 3
38 172 1
38 177 1
38 185 2
38 189 1
38 200 1
39 102 2
39 116 3
39 130 2
39 136 2
39 137 1
39 142 2
39 147 1
39 150 1
39 160 2
39 164 1
39 171 1
39 181 3
39 194 1
40 104 3
40 113 7
40 115 1
40 118 5
40 122 1
40 142 1
40 151 1
40 152 3
40 153 2
40 161 1
40 163 1
40 166 1
40 167 1
40 168 3
40 175 5
40 184 1
41 110 1
41 112 4
41 141 1
41 155 1
41 156 1
41 158 2
41 159 1
41 164 3
41 166 1
41 167 2
41 184 1
41 185 1
41 186 1
41 188 1
41 194 2
42 102 1
42 104 3
42 106 1
42 109 1
42 110 1
42 129 1
42 131 1
42 133 1
42 135 1
42 138 1
42 143 1
42 149 1
42 150 1
42 165 1
42 174 2
42 177 1
42 179 1
42 180 1
42 182 1
42 185 1
42 188 1
42 189 1
42 190 1
42 196 1
42 198 1
43 103 1
43 104 5
43 107 1
43 110 1
43 111 3
43 114 1
43 134 1
43 139 1
43 148 1
43 155 1
43 164 1
43 169 1
43 172 1
43 179 1
43 186 2
43 191 2
43 194 1
43 200 1
44 101 2
44 118 1
44 121 1
44 123 1
44 124 1
44 127 1
44 129 3
44 138 3
44 157 3
44 158 1
44 159 3
44 166 1
44 167 1
44 179 1
44 180 1
44 182 1
44 188 2
44 199 2
44 200 1
45 101 2
45 107 2
45 110 1
45 116 2
45 121 1
45 125 4
45 133 1
45 137 3
45 150 1
45 152 1
45 156 1
45 160 4
45 162 1
45 165 1
45 182 1
45 192 1
45 194 1
45 196 2
46 104 1
46 106 1
46 109 1
46 114 2
46 116 1
46 123 1
46 124 2
46 127 2
46 133 3
46 139 2
46 146 2
46 158 1
46 159 1
46 165 1
46 166 2
46 170 2
46 171 2
46 178 1
46 184 2
46 189 1
46 195 1
46 198 1
47 101 1
47 109 1
47 113 1
47 118 3
47 120 1
47 121 1
47 122 1
47 131 1
47 141 2
47 142 6
47 148 2
47 149 2
47 156 2
47 158 6
47 159 1
47 172 2
47 174 1
47 187 1
47 189 2
47 190 2
47 192 1
47 194 1
48 110 3
48 122 1
48 130 1
48 140 3
48 141 2
48 155 1
48 159 1
48 167 3
48 171 1
48 182 2
48 187 2
48 196 1
48 198 1
49 103 3
49 109 3
49 110 1
49 115 3
49 116 2
49 118 3
49 133 1
49 135 1
49 152 1
49 156 2
49 161 2
49 173 2
49 177 1
49 181 1
49 191 1
49 194 1
49 195 3
49 196 1
50 102 3
50 105 2
50 111 1
50 113 7
50 124 1
50 126 1
50 130 2
50 139 2
50 144 3
50 146 3
50 149 3
50 156 1
50 164 2
50 166 1
50 170 3
50 177 1
50 180 1
50 182 1
50 184 2
50 191 1
50 192 1
50 193 1
50 194 4
50 195 2
50 199 2
51 109 1
51 110 1
51 114 1
51 128 1
51 132 3
51 136 1
51 141 1
51 151 1
51 154 1
51 159 3
51 163 2
51 164 1
51 175 1
51 185 1
51 195 1
52 101 1
52 108 1
52 109 4
52 111 3
52 114 1
52 115 1
52 118 2
52 121 2
52 124 1
52 128 1
52 136 1
52 139 1
52 141 3
52 142 1
52 160 1
52 165 1
52 167 2
52 170 1
52 171 2
52 188 1
52 189 1
52 193 1
52 196 1
53 104 2
53 110 1
53 111 1
53 112 1
53 118 1
53 120 1
53 126 3
53 133 1
53 137 1
53 138 1
53 139 3
53 151 3
53 158 2
53 170 2
53 171 1
53 178 3
53 189 1
53 190 2
53 191 2
54 104 3
54 106 1
54 109 1
54 111 2
54 115 1
54 120 1
54 123 2
54 126 1
54 137 3
54 147 1
54 150 1
54 151 1
54 152 1
54 170 2
54 173 2
54 174 1
54 186 1
54 187 2
54 188 1
54 190 2
54 193 2
55 103 2
55 108 1
55 110 2
55 111 2
55 114 3
55 121 1
55 131 1
55 135 1
55 140 1
55 154 1
55 158 1
55 160 1
55 166 4
55 176 1
55 177 1
55 179 2
55 184 1
55 191 1
55 199 2
56 103 1
56 114 1
56 119 1
56 122 1
56 126 2
56 127 3
56 139 1
56 150 1
56 168 1
56 169 2
56 175 3
56 176 1
56 185 1
56 200 2
57 111 2
57 116 2
57 124 2
57 131 3
57 141 5
57 150 2
57 154 1
57 155 1
57 164 1
57 165 1
57 188 1
57 192 1
57 198 3
58 118 1
58 120 1
58 123 5
58 133 1
58 139 1
58 144 1
58 147 4
58 153 3
58 156 1
58 170 1
58 175 1
58 178 3
58 181 1
58 182 1
58 186 2
58 189 1
58 193 3
58 198 1
58 199 3
59 111 2
59 116 1
59 127 2
59 128 2
59 141 1
59 142 2
59 144 2
59 149 1
59 153 2
59 156 1
59 162 1
59 163 3
59 167 1
59 170 1
59 171 1
59 182 1
59 183 1
59 191 1
59 193 2
59 199 2
60 103 1
60 106 1
60 108 1
60 111 1
60 113 1
60 114 1
60 125 1
60 136 2
60 142 1
60 144 1
60 157 1
60 162 2
60 171 1
60 177 1
60 180 1
60 181 1
60 184 1
60 187 1
60 192 3
60 195 1
60 200 4
61 104 1
61 116 1
61 117 1
61 119 1
61 122 1
61 128 2
61 129 2
61 130 3
61 132 1
61 133 1
61 135 2
61 138 1
61 147 1
61 149 1
61 172 1
61 176 1
61 177 2
61 186 3
61 196 2
61 200 2
62 106 1
62 126 1
62 129 1
62 131 1
62 139 2
62 149 1
62 150 1
62 158 1
62 160 1
62 169 2
62 172 3
62 174 1
62 176 1
62 177 1
62 178 1
62 192 3
62 194 1
63 105 2
63 106 1
63 112 1
63 113 1
63 115 1
63 118 1
63 125 2
63 134 1
63 142 2
63 146 3
63 149 1
63 153 1
63 165 2
63 170 1
63 171 1
63 173 1
63 181 2
63 182 1
63 186 1
63 188 1
63 189 1
63 196 1
63 200 1
64 103 2
64 109 2
64 110 1
64 114 1
64 118 1
64 123 1
64 128 1
64 139 3
64 142 1
64 144 1
64 145 1
64 147 3
64 151 1
64 157 1
64 158 1
64 172 2
64 179 3
64 184 2
64 185 3
64 187 2
64 188 2
64 191 1
65 102 1
65 106 1
65 118 1
65 119 1
65 124 1
65 131 1
65 135 1
65 149 1
65 156 1
65 159 1
65 164 1
65 166 1
65 173 1
65 178 1
65 180 1
65 189 4
65 195 4
66 103 2
66 105 1
66 106 1
66 112 3
66 114 1
66 115 1
66 118 1
66 120 1
66 125 4
66 128 1
66 138 1
66 155 2
66 172 1
66 192 2
66 194 1
67 102 1
67 103 2
67 115 2
67 121 1
67 122 1
67 129 1
67 133 1
67 149 2
67 151 2
67 167 2
67 177 2
67 184 1
67 191 3
67 197 1
68 115 1
68 135 2
68 136 2
68 137 2
68 149 1
68 150 1
68 155 1
68 167 1
68 169 1
68 175 1
68 179 1
68 184 1
68 188 1
68 194 1
68 198 3
68 200 4
69 106 1
69 126 1
69 150 1
69 153 1
69 155 2
69 156 1
69 164 2
69 169 2
69 175 1
69 180 1
69 182 1
69 187 1
69 196 1
70 106 1
70 117 2
70 125 1
70 126 2
70 127 2
70 133 1
70 135 1
70 139 1
70 141 1
70 150 1
70 152 1
70 157 1
70 162 2
70 163 2
70 168 3
70 178 3
70 189 1
70 193 1
71 102 1
71 107 1
71 109 1
71 114 1
71 121 1
71 125 2
71 134 2
71 148 1
71 156 1
71 167 1
71 168 1
71 169 1
71 171 3
71 174 1
71 184 1
71 188 2
72 109 2
72 125 1
72 130 1
72 131 1
72 132 1
72 134 1
72 135 1
72 146 1
72 148 1
72 157 2
72 159 2
72 161 2
72 163 4
72 183 2
72 184 3
72 185 1
72 193 1
72 196 1
73 104 1
73 111 1
73 120 1
73 121 1
73 123 1
73 129 2
73 134 1
73 148 1
73 150 1
73 157 1
73 165 1
73 168 1
73 181 2
73 184 1
73 188 2
73 192 1
73 194 6
73 195 1
73 196 2
73 200 1
74 113 4
74 115 1
74 119 2
74 121 2
74 124 2
74 137 1
74 139 1
74 151 1
74 156 3
74 157 1
74 160 1
74 161 1
74 162 1
74 170 1
74 175 4
74 194 2
75 102 2
75 103 1
75 105 2
75 106 2
75 109 1
75 111 2
75 113 2
75 114 1
75 116 2
75 120 1
75 122 1
75 127 3
75 128 1
75 133 2
75 136 1
75 144 2
75 152 2
75 156 1
75 158 1
75 159 1
75 160 1
75 164 1
75 169 1
75 174 1
75 184 1
75 187 2
75 190 1
75 191 2
75 192 1
75 199 1
76 107 1
76 108 1
76 112 3
76 116 1
76 141 1
76 146 1
76 154 1
76 156 1
76 157 1
76 159 1
76 166 1
76 173 1
76 174 4
76 175 2
76 189 1
77 109 1
77 116 1
77 117 1
77 124 1
77 135 1
77 136 2
77 138 1
77 144 4
77 150 4
77 152 1
77 153 1
77 157 1
77 164 2
77 165 4
77 169 1
77 181 1
77 182 1
77 183 1
77 187 1
77 198 3
77 199 1
78 104 1
78 109 1
78 110 2
78 116 1
78 120 1
78 122 1
78 125 1
78 131 1
78 138 1
78 145 3
78 148 1
78 150 1
78 155 1
78 156 1
78 158 1
78 159 1
78 160 2
78 170 1
78 172 1
78 192 1
78 198 2
79 103 1
79 104 1
79 111 2
79 112 1
79 120 1
79 128 2
79 139 1
79 150 1
79 153 1
79 157 2
79 158 1
79 159 1
79 161 1
79 162 3
79 173 4
80 106 3
80 108 3
80 109 2
80 119 1
80 124 1
80 136 1
80 143 1
80 144 1
80 150 2
80 151 2
80 154 1
80 157 3
80 158 1
80 163 3
80 168 1
80 173 1
80 177 1
80 178 3
80 184 1
80 189 1
81 101 2
81 102 1
81 106 1
81 115 1
81 116 2
81 122 1
81 124 4
81 130 1
81 133 1
81 136 1
81 140 1
81 144 1
81 149 2
81 155 1
81 158 1
81 162 1
81 168 2
81 170 1
81 174 1
81 185 1
81 197 1
82 107 1
82 108 2
82 110 1
82 113 1
82 115 2
82 118 4
82 126 1
82 136 2
82 139 1
82 161 1
82 163 1
82 167 1
82 176 1
82 183 2
82 189 1
82 197 1
83 126 1
83 141 1
83 142 3
83 148 1
83 152 2
83 186 2
83 191 1
83 197 2
83 200 1
84 111 1
84 124 3
84 129 1
84 145 2
84 148 1
84 152 1
84 153 2
84 156 1
84 157 1
84 160 1
84 165 1
84 167 3
84 170 1
84 177 1
84 186 1
84 188 1
85 111 1
85 112 1
85 118 1
85 124 1
85 126 1
85 128 2
85 132 1
85 137 1
85 138 1
85 139 1
85 140 1
85 143 1
85 145 1
85 146 3
85 156 2
85 161 1
85 163 1
85 177 1
85 179 1
85 186 2
86 105 1
86 110 2
86 111 3
86 113 6
86 117 1
86 118 1
86 120 1
86 121 2
86 123 5
86 127 2
86 138 1
86 147 2
86 149 1
86 150 1
86 161 3
86 184 1
86 190 3
86 194 3
86 198 2
87 106 2
87 107 1
87 108 1
87 116 2
87 119 1
87 131 1
87 138 1
87 144 1
87 148 3
87 151 1
87 152 1
87 156 1
87 163 2
87 167 1
87 172 3
87 177 2
87 180 2
87 183 1
87 195 2
87 196 1
88 101 1
88 109 1
88 110 1
88 113 4
88 121 1
88 124 1
88 126 2
88 129 2
88 134 1
88 138 1
88 139 3
88 145 2
88 152 1
88 162 2
88 184 2
88 186 1
88 198 1
89 106 3
89 145 2
89 166 1
89 168 4
89 176 1
89 177 3
89 186 3
89 190 2
90 119 1
90 123 1
90 128 1
90 133 2
90 134 3
90 143 3
90 146 1
90 151 1
90 156 4
90 163 1
90 164 2
90 165 1
90 167 2
90 171 1
90 172 3
90 187 2
91 109 2
91 112 2
91 126 1
91 127 1
91 143 1
91 148 1
91 161 1
91 177 1
91 195 2
91 199 1
92 113 1
92 114 8
92 115 2
92 120 2
92 121 2
92 133 1
92 137 2
92 142 1
92 150 1
92 151 1
92 152 2
92 161 1
92 165 1
92 167 1
92 171 1
92 172 1
92 175 1
92 176 2
92 186 2
92 187 1
92 189 2
92 193 1
92 199 1
93 104 2
93 108 1
93 109 1
93 115 1
93 116 3
93 125 1
93 126 1
93 128 1
93 129 2
93 135 2
93 136 1
93 144 1
93 152 2
93 153 2
93 156 2
93 160 2
93 171 2
93 183 1
93 191 1
94 102 1
94 104 1
94 105 3
94 110 1
94 114 1
94 120 2
94 141 1
94 142 1
94 148 2
94 156 1
94 158 1
94 160 1
94 163 1
94 165 3
94 168 2
94 173 2
94 187 1
94 190 3
94 193 1
94 200 1
95 102 2
95 106 1
95 114 1
95 116 1
95 120 1
95 122 2
95 126 1
95 132 2
95 133 1
95 138 1
95 149 1
95 150 3
95 151 2
95 159 1
95 173 3
95 177 2
95 180 2
95 185 2
95 191 1
95 192 3
95 197 3
95 200 2
96 136 1
96 148 2
96 156 5
96 162 1
96 167 1
96 171 1
96 173 1
96 187 2
96 188 1
96 195 1
97 101 1
97 102 1
97 112 1
97 124 1
97 125 2
97 130 1
97 141 2
97 142 1
97 144 1
97 156 2
97 166 1
97 167 2
97 168 1
97 173 1
97 175 2
97 177 2
97 178 1
97 181 1
97 186 1
97 189 1
97 190 1
97 196 1
98 103 1
98 116 2
98 117 2
98 120 2
98 122 2
98 138 1
98 149 5
98 150 1
98 155 1
98 158 1
98 165 2
98 166 1
98 174 1
98 177 3
98 191 1
99 108 2
99 111 1
99 113 2
99 116 1
99 122 3
99 126 2
99 128 2
99 145 2
99 147 1
99 153 1
99 175 1
99 188 1
99 194 1
99 195 2
99 200 3
100 108 2
100 124 1
100 131 1
100 134 4
100 141 1
100 147 1
100 153 2
100 162 1
100 168 1
100 169 1
100 181 3
100 187 1
100 196 1
100 200 2
