100 100 20 958
#constraints
107 110
102 116
116 118
113 130
113 131
127 134
115 135
103 137
123 142
118 143
142 155
104 159
134 171
150 175
170 176
110 183
107 187
108 190
136 191
110 194
#edges
1 101 1
1 103 2
1 108 2
1 112 3
1 118 1
1 122 1
1 127 1
1 143 1
1 156 1
1 167 3
1 179 1
1 182 2
1 184 1
1 190 1
1 196 2
1 198 1
2 123 4
2 133 2
2 166 1
2 186 1
2 187 2
2 193 1
3 106 1
3 107 1
3 121 1
3 153 1
3 163 1
3 164 2
3 166 1
3 171 1
4 108 1
4 131 2
4 137 1
4 138 2
4 141 3
4 147 1
4 157 2
4 160 3
4 162 1
4 163 1
4 177 1
4 185 2
4 196 1
5 114 1
5 134 1
5 153 2
5 178 1
5 180 1
5 188 1
5 195 2
6 102 1
6 113 1
6 144 1
6 145 2
6 158 1
6 163 1
6 183 3
6 194 1
7 106 2
7 120 1
7 156 1
7 163 1
7 171 1
7 175 1
7 183 2
7 189 3
7 197 1
8 105 1
8 111 1
8 118 1
8 123 1
8 141 1
8 157 2
8 165 1
8 170 1
8 197 1
9 104 2
9 113 1
9 143 3
9 156 1
9 161 3
9 178 1
9 185 1
10 108 1
10 114 2
10 115 1
10 124 1
10 134 1
10 145 1
10 153 2
10 157 1
10 189 1
11 102 1
11 104 4
11 113 2
11 118 2
11 123 5
11 137 1
11 143 1
11 161 4
11 168 1
11 189 1
11 193 1
12 101 1
12 109 1
12 136 1
12 137 1
12 147 1
12 184 1
12 189 1
13 106 1
13 110 1
13 115 1
13 140 1
13 184 2
14 102 1
14 118 4
14 119 1
14 124 4
14 130 2
14 131 1
14 144 1
14 151 1
14 152 2
14 162 1
14 176 1
14 182 1
14 183 1
14 195 1
14 198 1
15 113 1
15 117 1
15 118 1
15 127 1
15 176 1
15 190 2
16 105 1
16 107 1
16 111 1
16 112 1
16 171 1
16 183 1
16 186 1
16 195 1
16 196 3
17 101 1
17 109 3
17 117 1
17 121 1
17 122 1
17 125 5
17 179 1
17 181 1
17 189 2
17 191 1
18 111 1
18 112 1
18 115 1
18 120 1
18 148 2
18 157 2
18 161 3
18 163 1
18 164 2
18 166 1
18 190 2
19 104 1
19 106 1
19 110 3
19 113 1
19 117 1
19 121 2
19 135 1
19 136 2
19 138 2
19 153 1
19 194 1
20 102 6
20 106 1
20 128 1
20 144 1
20 146 1
20 168 3
20 187 1
21 103 1
21 113 2
21 122 1
21 123 2
21 124 2
21 126 6
21 128 1
21 152 1
21 164 2
21 174 2
21 189 2
21 193 1
22 111 1
22 120 1
22 134 1
22 135 1
22 138 3
22 143 1
22 152 1
22 158 1
22 161 5
22 164 1
22 168 3
22 178 1
22 190 1
22 194 1
22 200 2
23 102 1
23 115 1
23 127 1
23 132 2
23 151 1
23 170 1
23 180 1
24 122 1
24 129 2
24 154 1
24 188 1
24 199 1
25 122 1
25 127 3
25 133 2
25 148 1
25 169 2
25 172 3
25 177 2
25 182 1
25 196 1
26 103 2
26 104 1
26 112 1
26 116 1
26 131 2
26 136 1
26 139 4
26 141 2
26 162 1
26 181 1
26 191 2
26 196 1
27 120 3
27 128 1
27 135 2
27 142 1
27 143 2
27 145 1
27 153 2
27 167 4
27 173 1
27 180 1
27 192 2
27 196 2
28 115 1
28 128 2
28 129 1
28 130 1
28 135 1
28 144 1
28 154 1
28 158 2
28 171 2
28 172 1
28 176 1
28 180 1
28 186 5
28 197 2
29 101 1
29 122 2
29 123 1
29 141 2
29 142 1
29 147 1
29 156 1
29 173 1
30 102 1
30 138 1
30 139 1
30 140 1
30 141 1
30 143 2
30 144 2
30 160 1
30 166 1
30 173 2
30 178 2
30 180 2
30 190 1
30 191 1
30 197 1
31 109 1
31 134 1
31 135 1
31 144 3
31 146 1
31 160 1
31 164 2
31 183 1
31 196 1
31 197 1
32 122 1
32 123 2
32 125 1
32 143 1
32 150 1
32 172 1
32 173 1
32 178 1
32 190 2
33 104 1
33 122 4
33 130 1
33 133 2
33 137 1
33 157 2
33 163 1
33 172 1
33 196 2
34 111 1
34 113 1
34 123 1
34 127 4
34 128 1
34 151 1
34 165 1
34 179 1
34 195 1
35 104 1
35 106 1
35 134 1
35 150 1
35 184 2
35 185 1
35 192 1
35 200 2
36 110 3
36 117 2
36 140 1
36 148 1
36 168 2
36 184 2
36 198 1
37 105 1
37 123 1
37 138 2
37 140 1
37 142 1
37 148 1
37 149 4
37 153 1
37 169 3
37 173 1
37 180 1
37 181 2
37 188 1
37 196 1
38 101 1
38 137 1
38 139 1
38 151 1
38 157 1
38 159 1
38 171 5
38 178 1
38 183 1
38 188 2
38 189 2
38 193 1
39 110 1
39 115 2
39 116 1
39 152 1
39 168 1
39 197 1
40 124 1
40 154 1
40 168 3
40 171 2
40 183 1
41 144 1
41 150 2
41 152 1
41 164 1
41 165 2
41 175 2
41 177 2
42 110 1
42 121 1
42 126 1
42 157 1
42 159 1
42 176 3
42 189 2
42 194 1
42 196 1
42 198 2
43 109 1
43 111 1
43 114 1
43 120 1
43 125 1
43 126 3
43 127 3
43 141 2
43 144 1
43 155 2
43 171 2
43 172 3
43 174 2
43 179 1
43 180 1
43 182 2
43 190 1
43 192 1
43 199 1
44 107 2
44 113 1
44 117 1
44 138 1
44 151 1
44 160 2
44 169 3
44 181 1
44 197 2
45 105 1
45 107 2
45 117 1
45 124 1
45 135 2
45 140 1
45 148 2
45 149 1
45 166 1
45 188 2
45 194 1
46 103 1
46 139 2
46 168 1
46 183 1
46 187 9
46 190 1
47 126 1
47 141 1
47 152 1
47 161 1
47 164 1
47 172 1
47 183 1
47 188 1
47 192 1
48 120 1
48 131 1
48 136 1
48 150 1
48 156 1
48 161 1
48 164 1
48 165 2
48 167 1
48 182 2
48 200 1
49 121 2
49 145 7
49 182 2
49 185 1
49 199 4
50 101 1
50 110 1
50 131 2
50 133 2
50 161 1
50 166 1
50 200 1
51 103 1
51 107 1
51 108 1
51 118 1
51 122 1
51 138 2
51 140 1
51 150 2
51 155 1
51 170 1
51 182 1
51 192 1
51 196 1
52 108 3
52 113 1
52 118 3
52 143 1
52 155 1
52 179 2
52 188 1
52 193 1
53 118 1
53 132 1
53 135 1
53 141 1
53 148 1
53 163 2
53 168 2
53 177 1
53 188 3
53 198 1
54 114 1
54 119 1
54 121 1
54 133 2
54 135 1
54 162 1
54 164 1
54 169 1
54 174 1
54 183 1
54 197 4
55 111 2
55 123 1
55 146 3
55 170 1
55 179 1
55 187 1
55 197 3
56 111 2
56 112 1
56 119 2
56 120 1
56 161 2
56 165 1
56 178 1
56 188 1
57 102 3
57 124 2
57 136 2
57 161 1
57 163 2
57 164 2
57 171 1
57 183 6
57 186 1
58 112 3
58 114 2
58 117 1
58 122 1
58 126 2
58 133 1
58 135 1
58 145 1
58 147 2
58 159 2
58 186 1
58 200 1
59 113 1
59 127 1
59 140 2
59 161 2
59 182 2
59 187 1
59 189 1
59 191 3
59 194 1
60 104 1
60 133 1
60 180 1
60 182 3
60 188 1
61 104 1
61 106 2
61 115 1
61 120 1
61 124 1
61 152 1
61 167 2
61 175 2
61 176 1
61 177 1
62 101 1
62 134 2
62 135 3
62 141 1
63 102 3
63 103 3
63 131 1
63 160 1
63 167 2
63 173 2
63 177 1
63 181 1
63 186 1
63 191 2
64 102 2
64 124 1
64 128 1
64 131 2
64 141 2
64 156 1
64 178 3
64 179 1
64 189 1
64 193 2
64 196 2
65 102 1
65 107 1
65 124 1
65 147 2
65 160 1
65 163 2
65 166 1
65 173 2
65 188 5
65 193 1
65 198 2
66 121 1
66 128 1
66 146 1
66 150 1
66 155 2
66 165 1
66 195 1
66 197 2
67 121 2
67 129 2
67 135 2
67 141 1
67 151 1
67 153 1
67 192 1
68 103 1
68 109 1
68 115 1
68 125 1
68 126 1
68 129 3
68 145 2
68 149 1
68 152 3
68 154 2
68 161 2
68 173 1
68 197 1
68 199 1
69 116 1
69 131 1
69 134 1
69 136 5
69 141 1
69 160 1
69 161 1
69 162 1
69 170 1
69 184 4
69 188 2
70 115 1
70 117 3
70 121 1
70 131 2
70 142 1
70 143 5
70 162 1
70 167 1
70 169 1
70 175 1
70 180 1
70 182 1
70 192 3
71 101 1
71 115 4
71 123 1
71 133 2
71 152 2
71 162 1
71 171 2
71 186 1
71 190 1
72 104 2
72 108 3
72 112 2
72 145 1
72 150 1
72 154 2
72 169 2
72 184 2
72 196 1
72 197 1
73 124 1
73 129 1
73 146 2
73 166 3
73 191 1
74 111 5
74 127 1
74 136 1
74 143 1
74 153 1
74 179 1
74 187 2
74 189 1
74 198 2
75 112 1
75 118 1
75 120 1
75 122 2
75 123 1
75 127 2
75 137 1
75 141 3
75 144 1
75 147 1
75 157 2
75 162 1
75 180 4
75 187 1
75 189 1
75 194 1
76 105 1
76 108 1
76 124 2
76 147 4
76 162 2
76 163 1
76 166 2
76 187 3
77 119 1
77 129 1
77 153 5
77 163 1
77 166 1
77 177 2
77 181 4
77 190 1
78 105 1
78 108 4
78 114 1
78 131 1
78 133 1
78 138 2
78 146 1
78 166 1
78 181 1
78 183 1
78 192 1
78 195 3
78 197 1
78 200 2
79 104 3
79 107 1
79 133 1
79 137 1
79 142 1
79 143 1
79 144 3
79 149 1
79 150 1
79 151 1
79 164 1
79 183 2
79 191 1
80 103 2
80 122 1
80 124 2
80 138 1
80 144 1
80 147 1
80 152 3
80 156 1
80 161 1
80 168 1
80 191 1
80 194 2
80 199 1
81 110 2
81 111 1
81 115 2
81 122 1
81 142 2
81 154 1
81 173 1
81 178 1
81 185 4
81 188 1
81 196 4
82 112 2
82 146 1
82 151 2
82 165 2
82 166 1
82 179 1
83 107 3
83 117 3
83 128 1
83 131 2
83 153 2
83 163 1
83 179 1
83 193 4
84 118 1
84 119 3
84 149 1
84 153 1
84 171 2
84 172 1
84 182 1
85 106 3
85 112 1
85 115 1
85 124 1
85 130 1
85 151 4
85 172 2
85 175 1
85 180 1
85 187 1
85 191 2
86 131 2
86 140 2
86 142 1
86 151 1
86 155 1
86 160 1
86 180 1
86 198 1
87 118 4
87 121 2
87 124 3
87 129 3
87 156 1
87 173 2
87 184 2
88 104 1
88 108 1
88 109 2
88 124 1
88 126 3
88 142 1
88 156 1
88 157 1
88 174 2
89 102 2
89 106 1
89 112 1
89 115 1
89 117 1
89 130 1
89 136 2
89 146 2
89 160 1
89 185 1
89 186 2
89 191 1
89 194 1
90 105 2
90 115 1
90 119 1
90 137 1
90 138 5
90 159 1
90 163 4
90 165 1
90 176 3
90 194 1
91 109 1
91 114 1
91 128 1
91 136 2
91 148 1
91 152 1
91 154 1
91 161 1
91 168 1
91 177 1
91 183 4
91 191 1
92 104 2
92 110 1
92 121 1
92 148 1
92 151 1
92 158 1
92 165 3
92 169 2
92 192 3
92 193 1
92 200 1
93 104 1
93 114 2
93 126 1
93 136 1
93 139 1
93 162 3
93 185 4
93 194 1
94 122 1
94 135 1
94 153 2
94 154 2
94 178 1
94 184 1
94 185 1
94 189 1
94 198 1
95 108 1
95 112 1
95 128 3
95 142 2
95 144 1
95 156 1
95 159 1
95 173 2
95 185 1
95 189 1
96 106 1
96 112 1
96 116 1
96 125 1
96 130 2
96 132 1
96 152 1
96 164 2
96 173 1
96 180 1
97 125 1
97 132 1
97 135 1
97 153 1
97 155 3
97 162 1
97 170 1
97 171 1
97 180 2
97 195 1
97 199 2
98 115 1
98 117 1
98 118 1
98 129 2
98 135 3
98 141 1
98 145 2
98 166 1
98 179 1
98 184 1
99 113 1
99 153 1
99 159 1
99 170 1
99 175 1
99 184 1
99 194 1
100 105 2
100 128 1
100 144 1
100 158 1
100 159 2
100 177 3
100 179 1
100 188 1
