100 100 20 841
#constraints
107 110
118 127
119 134
105 138
132 140
140 143
136 144
149 150
145 155
155 160
102 162
121 163
162 164
124 175
153 178
171 180
156 181
162 188
176 192
171 195
#edges
1 125 1
1 128 2
1 130 1
1 148 1
1 180 1
1 183 4
1 195 2
2 101 1
2 102 1
2 108 2
2 128 1
2 144 1
2 157 5
2 168 2
2 173 1
2 177 1
2 180 6
2 183 4
3 101 1
3 102 2
3 113 1
3 116 3
3 133 1
3 165 1
3 177 1
4 128 1
4 134 1
4 146 2
4 151 4
4 155 1
4 164 1
4 186 2
4 187 1
5 103 1
5 153 3
5 156 3
5 188 1
5 195 1
6 101 1
6 116 1
6 124 2
6 130 4
6 140 1
7 101 1
7 102 2
7 103 3
7 104 1
7 106 4
7 146 1
7 150 2
7 170 1
7 185 2
7 188 1
7 190 2
8 101 1
8 119 3
8 124 3
8 141 1
8 143 1
8 146 1
8 162 1
8 185 2
9 101 1
9 118 1
9 121 2
9 136 1
9 139 1
9 141 1
9 143 2
9 144 2
9 150 1
9 151 1
9 177 2
9 179 7
9 184 1
10 103 1
10 112 2
10 119 1
10 129 1
10 141 2
10 151 2
10 154 1
10 160 1
10 172 2
10 176 3
10 178 1
10 194 2
11 106 1
11 124 1
11 145 3
11 152 1
11 158 1
11 160 1
11 166 1
11 167 2
11 174 1
11 178 3
11 181 1
12 112 1
12 140 1
12 166 1
12 169 3
12 187 1
12 196 1
12 199 1
13 114 6
13 115 1
13 137 2
13 162 1
13 171 2
13 185 2
13 194 1
14 121 1
14 125 1
14 126 1
14 129 1
14 140 1
14 152 1
14 186 1
15 107 1
15 111 1
15 118 1
15 132 1
15 141 2
15 158 1
15 184 3
15 187 1
15 198 1
16 102 2
16 107 1
16 109 1
16 115 3
16 136 3
16 156 1
16 166 3
16 187 1
16 192 1
17 108 2
17 111 2
17 124 5
17 125 1
17 141 1
17 142 2
17 161 2
17 198 1
18 124 1
18 138 3
18 149 1
18 152 2
18 170 1
18 171 2
18 173 1
18 174 1
18 186 1
19 114 1
19 124 1
19 145 1
19 166 1
19 171 3
19 184 2
20 101 1
20 112 1
20 116 1
20 124 2
20 133 1
20 141 1
20 147 1
20 148 2
20 190 1
20 199 1
21 121 1
21 139 1
21 196 3
22 101 1
22 108 2
22 113 1
22 127 2
22 146 1
22 149 2
22 156 1
22 158 1
22 193 3
23 122 1
23 123 1
23 124 2
23 126 2
23 135 1
23 166 1
23 167 1
23 176 1
23 185 1
23 199 3
24 118 2
24 129 3
24 131 1
24 137 2
24 167 3
24 179 1
24 194 2
25 104 1
25 107 6
25 108 1
25 112 1
25 116 1
25 133 3
25 155 2
25 183 1
25 184 2
25 186 2
25 195 2
26 108 1
26 118 1
26 121 2
26 128 4
26 130 5
26 131 1
26 133 2
26 139 2
26 155 1
26 175 1
26 176 1
26 182 1
26 185 1
26 197 1
27 124 1
27 128 1
27 132 1
27 136 2
27 138 2
27 157 2
27 159 1
27 171 1
27 172 1
27 200 1
28 122 1
28 132 2
28 151 2
28 163 1
29 108 2
29 110 2
29 114 4
29 123 1
29 134 2
29 142 2
29 147 2
29 153 2
29 177 1
29 186 1
29 190 1
29 191 1
30 102 3
30 107 1
30 111 1
30 130 1
30 133 2
30 149 1
30 192 1
31 102 2
31 105 1
31 109 2
31 113 2
31 114 2
31 115 1
31 133 1
31 136 1
31 161 1
31 184 3
31 193 1
32 102 1
32 117 2
32 156 1
32 172 1
32 178 1
32 189 4
33 107 2
33 112 1
33 116 1
33 125 1
33 135 1
33 140 1
33 144 3
33 152 1
33 154 1
33 164 3
33 165 2
33 172 1
33 173 1
33 177 1
33 183 1
33 193 1
33 198 1
34 103 1
34 112 1
34 115 1
34 120 1
34 124 1
34 139 1
34 162 1
34 169 3
35 107 1
35 135 1
35 139 1
35 149 1
35 155 1
35 156 4
35 196 1
36 108 1
36 109 1
36 114 2
36 120 1
36 153 1
36 154 4
36 185 1
36 188 1
36 198 1
37 120 1
37 141 2
37 143 1
37 155 1
37 165 1
37 175 1
37 190 2
37 193 1
37 198 2
38 153 3
38 161 2
38 168 4
38 169 1
38 177 1
39 131 1
39 179 1
39 185 1
39 195 1
40 111 1
40 122 2
40 129 1
40 131 1
40 134 1
40 143 1
40 145 2
40 147 1
40 155 2
40 185 1
40 192 1
41 140 2
41 142 1
41 173 1
41 181 1
42 117 3
42 146 1
42 166 1
42 171 1
42 173 4
42 187 1
43 107 1
43 112 1
43 116 4
43 124 2
43 134 1
43 137 1
43 146 2
43 163 2
43 190 1
43 196 2
44 104 4
44 108 1
44 133 2
44 134 1
44 137 2
44 156 3
44 158 1
44 163 1
44 179 1
44 184 1
45 115 2
45 122 1
45 128 2
45 148 1
45 152 1
45 171 2
45 185 1
46 109 2
46 110 1
46 139 2
46 140 2
46 158 1
46 164 2
46 166 2
46 175 1
47 118 1
47 136 1
47 138 3
47 144 1
47 170 2
47 177 1
47 180 1
47 197 5
48 102 3
48 104 1
48 156 1
48 164 2
48 184 1
48 192 1
49 111 2
49 117 1
49 124 1
49 134 1
49 160 1
49 164 1
49 165 1
49 182 1
49 183 3
49 195 2
50 111 1
50 126 4
50 129 1
50 149 1
50 157 1
51 102 1
51 137 2
51 146 1
51 150 1
51 186 2
51 188 1
51 200 1
52 101 1
52 107 1
52 109 1
52 115 2
52 122 2
52 137 3
52 154 1
52 160 1
52 165 1
52 184 1
52 191 1
52 193 1
53 103 3
53 110 1
53 122 1
53 129 1
53 139 1
53 144 1
53 152 2
53 161 1
53 172 1
53 181 2
53 182 2
53 191 1
54 122 1
54 132 1
54 145 1
54 148 3
55 104 2
55 119 4
55 124 1
55 131 2
55 148 1
55 160 1
55 178 1
55 192 1
55 196 1
56 138 1
56 180 1
56 193 1
57 106 2
57 127 2
57 132 2
57 140 1
57 145 2
57 150 1
57 163 2
58 113 1
58 116 5
58 120 1
58 126 1
58 129 1
58 156 1
58 160 1
58 166 1
58 168 1
58 170 1
58 188 1
58 190 1
59 105 1
59 121 1
59 130 2
59 143 2
59 163 1
59 179 2
60 132 1
60 135 2
60 145 1
60 156 2
60 187 2
61 103 1
61 108 1
61 109 2
61 115 2
61 119 2
61 133 1
61 141 1
61 166 2
61 168 3
61 169 1
61 183 1
61 186 1
61 194 1
61 197 1
62 105 1
62 108 1
62 118 1
62 124 1
62 126 1
62 133 2
62 159 3
62 160 1
62 161 2
62 163 1
62 187 1
62 193 1
63 123 2
63 140 2
63 143 1
63 146 1
63 157 1
63 158 1
63 164 1
63 165 1
63 169 1
63 173 1
63 185 1
63 187 2
63 191 1
64 104 1
64 106 1
64 114 1
64 121 1
64 152 1
64 169 1
64 177 1
64 184 2
64 188 2
65 103 1
65 107 1
65 128 1
65 129 1
65 145 1
65 148 1
65 150 1
65 156 1
65 189 2
65 192 1
65 200 1
66 105 1
66 109 1
66 136 1
66 148 1
66 153 2
66 158 1
66 159 3
66 175 3
66 179 1
66 193 1
67 106 1
67 110 2
67 111 1
67 119 2
67 128 1
67 151 1
67 154 1
67 155 1
67 160 3
67 165 1
67 197 2
68 107 3
68 140 1
68 152 2
68 161 2
68 162 2
68 172 1
68 175 2
68 190 1
68 191 1
69 117 2
69 130 2
69 140 1
69 161 3
70 109 1
70 117 2
70 128 2
70 132 1
70 144 1
70 155 1
70 173 1
71 102 1
71 124 2
71 125 2
71 134 1
71 149 2
71 154 2
71 155 1
71 172 2
71 173 3
71 194 2
71 199 1
72 101 2
72 106 1
72 168 1
72 171 3
73 106 1
73 115 2
73 121 1
73 124 1
73 127 3
73 135 4
73 149 1
73 158 1
73 194 1
73 195 2
74 102 1
74 123 3
74 126 2
74 153 1
74 165 1
74 181 1
74 193 1
75 104 2
75 109 1
75 138 1
75 152 1
75 166 1
75 172 2
75 176 3
75 180 1
75 182 1
76 116 1
76 125 1
76 136 4
76 138 2
76 139 1
76 154 1
76 166 1
76 171 2
76 193 1
76 198 1
77 103 3
77 184 2
77 192 3
78 115 2
78 130 1
78 154 1
78 200 1
79 101 4
79 115 2
79 148 1
79 183 1
80 112 1
80 115 1
80 130 1
80 133 1
80 153 1
80 160 4
80 171 1
80 193 1
81 102 1
81 130 1
81 135 1
81 158 1
81 196 1
82 109 1
82 114 1
82 122 1
82 138 2
82 146 1
82 152 2
82 165 1
83 107 1
83 112 2
83 115 2
83 118 1
83 122 1
83 124 2
83 133 1
83 138 2
83 150 2
83 165 1
83 175 1
83 178 1
84 104 2
84 106 4
84 107 2
84 117 2
84 127 2
84 138 2
84 146 2
84 149 1
84 151 1
84 170 2
84 193 2
85 105 1
85 115 2
85 124 2
85 127 1
85 130 1
85 140 1
85 141 2
85 158 2
85 170 1
85 175 1
86 115 1
86 126 1
86 153 3
86 168 4
86 169 1
86 171 2
86 180 2
87 108 2
87 110 2
87 145 1
87 153 2
87 155 3
87 161 2
87 190 1
88 119 1
88 123 1
88 126 1
88 137 1
88 145 1
88 151 2
88 161 1
88 168 6
88 172 1
88 184 2
88 188 1
89 109 1
89 110 1
89 152 1
89 165 1
89 170 1
89 178 2
89 200 1
90 120 1
90 125 2
90 127 1
90 137 2
90 145 2
90 155 2
90 156 1
90 161 3
90 173 1
91 103 1
91 107 2
91 149 3
91 161 1
91 172 1
91 192 1
91 195 1
92 101 4
92 105 1
92 110 3
92 116 1
92 144 1
92 157 1
92 164 4
92 178 3
92 188 1
92 195 1
92 197 1
93 115 2
93 151 3
93 168 2
93 192 2
93 193 4
94 109 5
94 131 2
94 143 2
94 162 2
94 167 1
94 174 1
94 185 2
94 187 3
95 123 2
95 125 1
95 135 2
95 150 1
95 153 2
95 168 1
95 169 1
95 198 2
96 109 2
96 134 1
96 138 1
96 140 1
96 146 2
96 171 1
96 172 1
96 173 2
96 176 4
96 181 1
96 199 1
97 102 1
97 108 2
97 118 3
97 134 1
97 152 1
97 159 3
97 175 2
97 176 3
97 177 1
97 191 1
97 200 2
98 116 1
98 147 1
98 154 1
98 157 2
98 166 4
99 104 1
99 121 1
99 129 2
99 138 2
99 162 1
99 190 2
100 102 2
100 105 1
100 110 2
100 118 1
100 144 1
100 145 2
100 146 1
100 147 1
100 159 3
100 161 1
100 162 1
100 163 1
100 169 1
100 171 1
100 182 5
100 186 1
100 190 3
100 194 2
