100 100 20 768
#constraints
101 102
103 105
105 106
103 110
106 112
112 114
107 118
106 121
114 122
119 124
127 129
114 130
116 132
137 146
137 152
110 165
119 182
113 184
170 186
144 200
#edges
1 104 1
1 105 1
1 114 1
1 129 1
1 132 1
1 146 1
1 154 2
1 156 1
1 160 1
1 174 1
1 187 1
1 189 2
2 105 1
2 108 2
2 125 2
2 136 1
2 138 2
2 143 1
2 147 1
2 185 2
3 107 1
3 118 1
3 149 1
3 151 1
3 174 3
3 177 1
3 200 1
4 101 1
4 120 3
4 139 3
4 156 1
4 175 1
4 181 3
4 199 1
5 101 1
5 110 1
5 127 1
5 173 1
6 112 1
6 134 2
6 150 1
6 196 1
7 129 2
7 154 2
7 156 2
7 166 1
7 183 1
8 128 1
8 134 2
8 143 3
8 162 3
8 174 1
8 199 1
9 107 1
9 114 1
10 107 1
10 116 1
10 145 1
10 155 1
10 159 1
10 165 2
10 188 4
11 103 2
11 110 2
11 115 1
11 142 2
11 174 3
11 190 2
12 101 1
12 105 4
12 117 1
12 142 2
12 149 1
12 200 1
13 115 1
13 144 3
13 150 1
13 154 2
13 174 1
13 177 3
13 190 1
14 158 2
14 167 1
15 121 2
15 136 1
15 146 1
15 180 2
16 113 1
16 122 2
16 145 2
16 175 1
16 177 3
16 180 4
16 182 2
16 186 2
17 106 1
17 107 2
17 114 1
17 123 3
17 128 3
17 165 2
17 171 1
17 200 1
18 106 1
18 108 1
18 109 1
18 113 1
18 121 1
18 122 1
18 130 1
18 169 1
18 174 2
18 195 1
19 107 1
19 126 2
19 132 2
19 160 1
19 161 1
19 166 1
19 179 1
20 104 1
20 109 1
20 112 2
20 113 1
20 115 1
20 122 2
20 131 1
20 132 1
20 141 1
20 150 2
20 155 1
20 158 1
20 171 2
20 180 1
20 181 4
20 185 1
20 189 1
20 190 1
20 191 2
21 101 1
21 114 2
21 124 3
21 127 1
21 131 1
21 138 1
21 146 1
21 171 1
21 187 1
21 195 3
22 138 1
22 153 1
22 157 1
22 163 2
22 174 2
22 181 3
23 112 1
23 138 2
23 139 1
23 142 1
23 151 2
23 152 1
23 157 2
23 158 1
23 184 1
23 186 2
24 101 1
24 111 2
24 129 1
24 142 1
24 150 1
24 158 2
24 175 1
24 181 1
24 197 1
24 199 2
25 121 2
25 125 1
25 159 1
25 160 1
25 167 2
26 101 1
26 107 2
26 126 1
26 127 1
26 128 1
26 145 2
26 158 1
26 180 4
26 199 1
27 120 1
27 150 1
27 155 2
27 158 1
27 173 1
27 177 1
27 180 1
28 115 3
28 121 1
28 133 1
28 137 1
28 150 1
28 152 1
28 156 2
28 172 1
28 181 3
29 107 2
29 121 2
29 125 1
29 126 2
29 131 3
29 136 1
29 139 1
29 154 1
29 186 1
29 195 1
30 140 1
30 143 2
30 145 1
30 198 2
31 104 1
31 124 1
31 139 1
31 145 1
31 156 2
31 170 3
31 192 1
32 104 2
32 113 1
32 127 1
32 128 1
32 176 1
32 182 1
32 189 2
32 196 2
33 101 1
33 108 1
33 116 1
33 133 1
33 141 2
33 149 2
33 159 2
33 166 1
33 170 2
33 172 1
33 190 1
33 194 1
34 132 1
34 151 1
34 158 3
34 164 3
34 184 1
35 101 2
35 105 1
35 110 1
35 120 1
35 122 1
35 131 1
35 134 1
35 136 1
35 149 1
35 153 3
35 155 1
36 138 1
36 187 1
37 105 1
37 176 1
37 185 1
37 194 2
38 102 1
38 110 3
38 124 1
38 137 1
38 165 2
38 168 2
38 173 1
38 174 1
38 179 1
38 187 2
38 188 2
38 189 1
38 197 2
39 142 1
39 157 2
39 173 1
39 175 1
40 105 2
40 113 2
40 116 1
40 140 3
40 143 1
40 147 1
40 168 6
40 184 2
41 111 1
41 115 1
41 130 2
41 135 1
41 137 3
41 145 1
41 163 2
41 167 2
42 111 2
42 119 2
42 121 1
42 126 2
42 141 1
42 154 4
42 169 1
43 105 1
43 107 2
43 118 2
43 143 3
43 144 2
43 154 1
43 164 2
43 169 1
43 178 1
43 182 1
43 198 1
44 110 1
44 112 2
44 113 1
44 130 1
44 132 2
44 164 2
44 173 1
44 178 1
44 188 1
44 199 1
45 102 2
45 111 1
45 130 1
45 144 1
45 171 2
45 186 1
45 197 1
46 117 2
46 123 1
46 134 1
46 160 1
46 167 2
46 191 1
47 117 1
47 121 1
47 125 2
47 149 1
47 175 1
47 200 2
48 112 1
48 119 1
48 121 1
48 137 2
48 139 1
48 144 1
48 157 2
48 173 1
48 176 3
48 183 1
48 189 1
49 104 2
49 119 1
49 127 2
49 146 1
49 151 1
49 152 2
50 103 1
50 138 2
50 139 2
50 146 3
50 148 1
50 162 1
50 192 2
51 150 1
51 155 1
51 163 1
51 165 2
51 181 3
51 185 1
52 106 1
52 147 1
52 160 3
52 161 2
52 169 1
52 187 1
53 103 1
53 110 2
53 116 1
53 127 4
53 173 1
53 179 1
53 189 1
54 101 1
54 106 2
54 107 1
54 124 1
54 136 1
54 137 1
54 153 1
54 158 2
54 162 1
54 165 1
54 171 3
54 179 2
55 101 2
55 104 2
55 117 2
55 153 3
55 169 1
55 173 1
55 179 1
56 109 1
56 127 2
56 132 2
56 133 1
56 134 1
56 147 2
56 148 1
56 167 2
56 197 3
57 118 2
57 123 4
57 132 1
57 135 1
58 104 1
58 118 1
58 119 1
58 134 2
58 137 1
58 140 1
58 142 1
58 144 1
58 152 2
58 154 1
58 166 3
58 172 1
58 182 2
59 147 1
59 152 3
59 157 1
59 170 1
59 186 4
59 195 1
59 196 1
60 142 1
60 146 1
60 150 1
60 156 1
60 174 1
60 191 1
61 114 4
61 133 1
61 136 1
61 190 1
61 194 6
62 113 2
62 129 2
62 135 1
62 136 1
62 158 1
62 179 1
62 198 3
63 119 1
63 130 1
63 136 3
63 153 1
63 155 1
63 179 1
64 107 2
64 114 1
64 118 1
64 119 1
64 122 1
64 123 1
64 133 1
64 145 3
64 151 1
64 167 2
64 170 1
64 172 2
64 192 1
65 105 1
65 132 1
65 148 2
65 152 2
65 156 1
65 181 1
65 200 4
66 101 3
66 108 1
66 139 1
66 145 2
66 148 1
66 158 1
66 186 2
66 195 1
67 109 1
67 114 1
67 129 1
67 141 1
67 142 2
67 147 2
67 150 1
67 160 1
67 177 3
67 183 3
67 198 1
67 200 1
68 103 3
68 106 1
68 112 2
68 114 1
68 142 1
68 159 2
68 167 2
68 169 1
68 171 3
68 190 2
68 192 1
68 198 2
69 127 3
69 131 1
69 145 2
69 157 2
69 181 1
69 187 2
69 188 3
70 108 1
70 109 1
70 114 2
70 118 1
70 152 2
70 170 2
70 186 1
70 194 2
71 111 1
71 114 3
71 118 3
71 121 2
71 130 3
71 135 2
71 145 2
71 147 2
71 190 2
72 104 1
72 121 1
72 132 1
72 151 1
72 152 3
72 162 2
72 175 1
72 200 2
73 130 3
73 179 1
73 187 1
73 195 3
74 103 2
74 106 1
74 107 2
74 108 1
74 111 1
74 133 1
74 138 1
74 139 1
74 187 1
75 123 1
75 146 1
75 188 1
76 102 1
76 136 1
76 165 1
76 176 2
76 177 4
76 179 1
76 198 2
77 114 3
77 145 1
77 146 2
77 155 1
77 158 1
77 176 1
77 180 1
77 184 1
78 116 2
78 140 1
78 147 1
78 148 2
78 149 1
78 159 1
78 169 1
78 175 1
78 185 1
78 186 1
78 189 1
79 112 3
79 143 3
79 146 1
79 150 2
79 154 1
79 157 1
79 158 1
79 165 3
79 169 1
79 184 1
80 113 2
80 132 1
80 138 3
80 153 2
80 161 1
80 189 1
81 152 3
81 173 1
81 183 1
82 110 2
82 123 2
82 130 1
82 148 3
82 171 1
82 176 1
82 180 1
82 182 1
82 185 1
82 186 1
82 194 3
83 128 1
83 138 1
83 148 1
83 160 1
83 163 1
83 181 2
83 193 2
84 104 2
84 124 3
84 164 4
84 167 1
84 185 4
84 186 4
84 191 1
85 116 1
85 123 3
85 136 1
85 138 1
85 157 1
85 166 5
86 116 2
86 131 1
86 134 1
86 142 1
86 195 2
87 110 1
87 115 3
87 123 1
87 124 2
87 134 2
87 138 2
87 151 1
87 153 2
87 154 1
87 156 1
87 158 1
87 172 1
87 178 1
87 184 2
87 186 4
88 108 1
88 113 1
88 130 3
88 152 1
88 155 1
88 156 5
88 163 4
88 186 1
89 110 1
89 130 1
89 138 1
89 155 2
89 166 1
89 194 1
90 107 1
90 113 1
90 117 1
90 120 3
90 129 2
90 132 1
90 138 1
90 162 1
90 169 1
90 179 1
90 185 1
91 109 2
91 111 2
91 114 1
91 124 1
91 138 3
91 145 1
91 149 2
91 160 1
91 166 1
91 167 1
91 168 1
92 112 1
92 115 1
92 138 1
92 148 2
92 153 1
92 156 1
92 160 1
92 161 2
92 180 1
93 115 1
93 120 2
93 156 1
93 160 1
93 161 3
93 194 1
94 121 1
94 155 2
94 185 1
94 195 1
95 104 1
95 135 3
95 144 1
95 157 3
95 185 5
95 189 2
95 196 1
96 110 1
96 125 2
96 135 2
96 155 1
96 157 1
96 158 1
96 160 1
96 175 3
96 177 1
96 190 3
97 113 1
97 140 2
97 144 4
97 157 2
97 161 1
97 162 1
98 115 2
98 141 2
98 144 1
98 145 2
98 147 1
98 150 1
98 163 2
98 173 1
98 193 1
99 103 1
99 118 1
99 132 2
99 145 1
99 158 2
99 172 2
99 174 1
99 186 1
99 190 1
100 110 3
100 111 1
100 127 2
100 130 2
100 140 1
100 144 1
100 180 3
100 182 2
100 196 5
