100 100 20 3291
#constraints
101 102
105 106
101 108
106 114
118 122
140 145
131 148
123 151
146 157
145 158
144 161
119 163
164 167
141 168
124 172
103 173
109 178
150 191
173 194
192 200
#edges
1 109 2
1 112 2
1 115 1
1 123 1
1 124 1
1 125 1
1 128 3
1 129 2
1 131 1
1 132 2
1 134 2
1 135 2
1 136 1
1 142 1
1 144 1
1 146 2
1 153 1
1 154 2
1 161 1
1 163 1
1 167 2
1 168 1
1 171 1
1 172 3
1 176 1
1 184 3
1 187 1
1 192 2
1 193 1
1 194 1
1 196 3
1 197 1
2 103 1
2 107 2
2 112 1
2 114 1
2 115 1
2 123 1
2 127 2
2 130 1
2 133 1
2 135 1
2 143 1
2 146 3
2 148 1
2 151 2
2 152 1
2 155 3
2 157 1
2 160 1
2 162 1
2 163 2
2 164 2
2 165 1
2 175 1
2 176 2
2 178 3
2 186 2
2 189 1
2 198 1
2 199 1
3 101 1
3 102 1
3 104 1
3 106 1
3 107 2
3 108 2
3 111 1
3 116 2
3 117 2
3 118 2
3 121 1
3 123 2
3 124 2
3 125 1
3 137 1
3 138 1
3 140 2
3 144 1
3 145 1
3 148 2
3 151 1
3 152 1
3 155 1
3 158 1
3 159 1
3 162 1
3 164 1
3 167 3
3 172 4
3 180 2
3 182 3
3 183 1
3 184 1
3 186 1
3 190 3
3 195 2
3 200 1
4 101 1
4 107 1
4 108 2
4 109 1
4 110 1
4 111 4
4 116 2
4 117 3
4 119 1
4 125 4
4 128 1
4 129 1
4 131 1
4 134 3
4 136 2
4 139 1
4 140 1
4 144 1
4 147 3
4 151 4
4 166 2
4 170 2
4 172 1
4 175 2
4 176 2
4 181 1
4 184 1
4 187 1
4 189 1
4 194 1
4 195 1
4 196 1
4 199 3
5 103 1
5 104 1
5 106 1
5 112 1
5 113 2
5 115 2
5 118 1
5 119 3
5 120 1
5 124 2
5 126 1
5 130 1
5 131 1
5 142 1
5 145 3
5 147 1
5 152 1
5 153 1
5 154 2
5 155 1
5 164 1
5 168 1
5 171 1
5 174 1
5 175 1
5 178 1
5 185 2
5 188 1
5 189 3
5 193 4
5 195 2
5 200 1
6 104 1
6 106 3
6 107 2
6 108 1
6 109 1
6 111 2
6 116 1
6 118 1
6 126 1
6 129 1
6 133 1
6 139 1
6 140 3
6 142 1
6 144 2
6 145 3
6 147 2
6 158 1
6 161 1
6 165 2
6 166 1
6 169 1
6 170 3
6 174 2
6 177 1
6 181 2
6 185 1
6 187 1
6 197 1
6 200 2
7 103 1
7 105 1
7 106 1
7 107 1
7 109 1
7 110 1
7 111 1
7 113 1
7 114 1
7 117 1
7 119 1
7 120 3
7 122 4
7 124 1
7 126 3
7 127 1
7 131 1
7 138 1
7 140 1
7 141 4
7 146 1
7 153 2
7 155 1
7 156 2
7 158 1
7 159 1
7 167 2
7 168 1
7 172 1
7 173 1
7 175 2
7 178 1
7 181 4
7 184 1
7 188 5
7 191 1
7 195 3
7 196 1
7 199 1
8 101 1
8 105 1
8 108 1
8 111 1
8 117 2
8 120 1
8 121 3
8 122 1
8 123 1
8 125 2
8 126 1
8 127 2
8 128 1
8 134 5
8 138 1
8 140 2
8 142 3
8 144 2
8 147 1
8 150 1
8 154 1
8 160 1
8 162 1
8 165 2
8 167 2
8 169 1
8 171 1
8 174 1
8 181 1
8 190 1
8 191 1
8 196 1
8 198 1
8 199 2
9 101 3
9 102 1
9 104 1
9 105 1
9 106 2
9 108 1
9 110 1
9 111 1
9 112 2
9 117 2
9 119 3
9 124 1
9 126 1
9 128 1
9 129 2
9 130 1
9 131 1
9 136 1
9 139 1
9 143 1
9 149 1
9 150 1
9 151 1
9 155 2
9 157 1
9 158 3
9 164 1
9 166 1
9 169 1
9 172 1
9 174 2
9 175 2
9 176 1
9 180 1
9 181 1
9 182 1
9 183 1
9 184 1
9 186 2
9 189 1
9 193 1
9 194 1
9 196 2
9 197 3
9 198 1
10 103 1
10 106 1
10 108 1
10 109 2
10 111 4
10 112 4
10 115 2
10 118 2
10 122 2
10 125 2
10 129 2
10 136 2
10 137 2
10 138 1
10 141 3
10 143 4
10 144 1
10 146 3
10 149 1
10 150 1
10 151 1
10 152 1
10 153 1
10 154 2
10 158 1
10 159 3
10 162 1
10 163 2
10 170 1
10 172 1
10 190 5
10 193 2
10 195 1
10 196 1
10 197 2
10 198 1
10 199 6
11 102 2
11 110 1
11 114 2
11 118 1
11 119 3
11 121 1
11 122 3
11 126 2
11 128 1
11 134 1
11 135 1
11 137 2
11 138 3
11 141 2
11 147 2
11 148 2
11 152 1
11 154 1
11 166 1
11 167 2
11 168 1
11 169 1
11 179 2
11 182 1
11 189 1
11 195 2
11 198 1
11 199 1
12 101 1
12 104 1
12 106 2
12 109 2
12 110 2
12 114 1
12 115 1
12 128 1
12 130 1
12 132 6
12 139 1
12 141 1
12 142 2
12 147 6
12 149 2
12 154 2
12 157 1
12 158 2
12 159 2
12 165 5
12 166 1
12 173 2
12 174 5
12 175 2
12 178 2
12 183 2
12 187 2
12 188 1
12 189 2
12 190 2
12 193 5
12 194 1
12 196 1
13 104 2
13 105 1
13 106 3
13 108 1
13 109 1
13 116 1
13 117 1
13 119 1
13 120 1
13 125 4
13 128 1
13 136 2
13 142 1
13 143 1
13 146 1
13 147 1
13 148 1
13 158 1
13 162 1
13 166 3
13 170 1
13 171 1
13 173 4
13 176 1
13 181 1
13 182 4
13 184 3
13 185 1
13 188 1
13 189 1
13 190 1
13 196 1
14 102 1
14 111 1
14 122 1
14 125 1
14 126 1
14 127 3
14 133 1
14 138 1
14 142 1
14 145 1
14 147 2
14 153 2
14 155 1
14 159 1
14 161 1
14 164 2
14 169 1
14 176 2
14 178 1
14 182 1
14 183 3
14 184 1
14 186 3
14 188 3
14 192 2
15 104 2
15 106 1
15 117 1
15 118 1
15 123 3
15 124 1
15 132 2
15 133 2
15 134 1
15 135 1
15 139 2
15 140 1
15 144 2
15 147 7
15 148 3
15 149 1
15 150 1
15 155 1
15 156 1
15 157 1
15 158 2
15 159 2
15 162 1
15 165 1
15 169 1
15 171 1
15 173 5
15 176 2
15 181 1
15 183 1
15 189 1
15 190 1
15 194 3
15 197 1
15 199 1
16 102 1
16 108 1
16 110 1
16 111 1
16 113 1
16 117 2
16 118 1
16 121 1
16 123 1
16 127 1
16 128 1
16 129 2
16 130 2
16 136 1
16 148 1
16 151 1
16 152 3
16 154 1
16 156 3
16 159 2
16 161 3
16 164 2
16 167 1
16 168 3
16 169 2
16 172 1
16 178 1
16 187 1
16 188 1
16 189 1
16 190 1
16 193 1
16 195 1
16 198 1
16 199 1
17 112 1
17 115 2
17 116 1
17 120 1
17 124 2
17 126 1
17 130 1
17 133 3
17 134 1
17 138 1
17 139 1
17 144 2
17 146 1
17 152 1
17 155 1
17 160 2
17 162 1
17 164 2
17 166 2
17 167 2
17 168 1
17 169 3
17 170 1
17 172 4
17 173 1
17 175 1
17 180 1
17 181 2
17 188 1
17 191 1
17 194 4
17 197 3
18 101 1
18 104 3
18 106 2
18 110 2
18 111 1
18 114 2
18 121 1
18 122 1
18 125 1
18 127 3
18 138 4
18 139 1
18 140 1
18 142 4
18 149 3
18 151 1
18 158 1
18 160 2
18 165 1
18 166 1
18 169 1
18 173 1
18 174 2
18 175 1
18 178 2
18 180 1
18 189 1
18 190 1
18 197 3
18 199 1
19 108 2
19 110 1
19 112 2
19 116 1
19 120 3
19 121 2
19 122 2
19 123 2
19 125 1
19 126 1
19 131 1
19 132 3
19 137 2
19 140 1
19 146 2
19 149 1
19 150 1
19 153 8
19 154 4
19 156 1
19 170 1
19 178 2
19 185 1
19 189 2
19 191 2
19 198 2
19 199 1
19 200 1
20 104 2
20 106 1
20 107 3
20 109 1
20 115 3
20 116 1
20 118 1
20 121 1
20 126 1
20 131 2
20 132 1
20 134 1
20 135 1
20 138 2
20 142 1
20 143 1
20 147 1
20 149 1
20 154 3
20 156 1
20 157 4
20 166 1
20 181 1
20 183 1
20 186 1
20 191 1
20 193 1
20 196 1
21 102 1
21 103 1
21 107 3
21 108 3
21 109 1
21 111 1
21 112 1
21 114 1
21 127 3
21 128 1
21 130 1
21 131 2
21 132 1
21 135 1
21 136 1
21 137 2
21 138 1
21 139 1
21 143 1
21 146 1
21 147 1
21 149 1
21 151 1
21 161 2
21 164 2
21 165 1
21 166 1
21 167 3
21 169 1
21 171 2
21 173 1
21 175 3
21 180 1
21 182 1
21 190 1
21 191 1
21 192 1
21 194 1
21 195 2
21 196 1
22 101 1
22 112 2
22 113 1
22 114 1
22 116 1
22 117 2
22 119 2
22 125 2
22 128 3
22 130 1
22 133 1
22 134 1
22 136 1
22 137 2
22 138 1
22 141 1
22 142 2
22 143 3
22 146 1
22 148 2
22 150 1
22 156 1
22 158 2
22 159 1
22 160 3
22 162 2
22 163 1
22 164 1
22 169 1
22 170 1
22 173 4
22 175 2
22 177 2
22 180 1
22 188 1
22 191 1
22 192 1
22 193 1
23 102 1
23 108 3
23 111 3
23 114 4
23 115 1
23 116 2
23 117 1
23 123 1
23 124 3
23 128 1
23 130 2
23 133 1
23 135 3
23 136 1
23 138 1
23 139 1
23 142 1
23 146 1
23 151 3
23 155 1
23 156 2
23 158 1
23 160 4
23 162 1
23 165 2
23 167 3
23 177 1
23 182 1
23 184 1
23 185 1
23 190 1
23 192 3
23 194 1
23 197 1
23 198 1
24 102 4
24 103 1
24 104 1
24 106 1
24 116 1
24 120 1
24 121 3
24 124 1
24 126 1
24 127 3
24 129 1
24 130 1
24 131 1
24 133 1
24 135 1
24 137 2
24 138 1
24 142 1
24 143 2
24 144 1
24 148 1
24 151 1
24 155 1
24 159 1
24 162 1
24 164 1
24 169 2
24 170 2
24 172 2
24 174 1
24 175 3
24 181 1
24 187 2
24 189 1
24 193 2
24 195 3
24 199 2
25 102 2
25 103 1
25 105 3
25 111 3
25 116 2
25 124 1
25 126 2
25 128 1
25 129 1
25 136 1
25 137 1
25 138 1
25 142 1
25 145 1
25 149 1
25 152 2
25 158 2
25 160 2
25 162 2
25 168 2
25 169 2
25 170 1
25 171 1
25 176 1
25 178 1
25 179 4
25 187 1
25 190 2
25 193 2
25 195 1
26 101 1
26 105 3
26 111 1
26 112 2
26 115 1
26 119 2
26 130 1
26 132 1
26 138 3
26 140 3
26 141 1
26 148 2
26 155 1
26 168 2
26 169 2
26 171 1
26 174 1
26 177 2
26 178 1
26 182 6
27 101 3
27 102 3
27 108 1
27 111 1
27 115 3
27 118 1
27 120 1
27 121 1
27 122 2
27 128 5
27 130 1
27 131 1
27 135 2
27 138 1
27 147 1
27 148 1
27 149 1
27 152 1
27 165 1
27 166 1
27 171 2
27 174 1
27 175 1
27 179 1
27 180 2
27 182 2
27 184 3
27 185 1
27 187 1
27 191 1
27 195 2
27 196 4
27 198 1
27 199 1
28 106 1
28 108 1
28 115 1
28 117 1
28 118 1
28 120 4
28 126 1
28 130 1
28 134 3
28 139 1
28 142 1
28 146 1
28 149 1
28 153 1
28 158 1
28 159 2
28 160 3
28 166 1
28 177 2
28 179 2
28 184 2
28 188 1
28 190 2
28 200 1
29 101 2
29 102 4
29 106 3
29 107 1
29 108 1
29 114 1
29 118 1
29 122 1
29 123 1
29 127 2
29 128 1
29 129 1
29 130 1
29 135 1
29 137 1
29 139 1
29 140 1
29 141 2
29 142 3
29 145 1
29 148 1
29 149 1
29 151 1
29 156 1
29 157 1
29 158 3
29 160 1
29 161 1
29 162 1
29 163 1
29 164 1
29 171 1
29 173 1
29 180 2
29 184 1
29 186 1
29 187 1
29 189 1
29 190 1
29 191 1
29 192 1
29 197 2
29 199 1
30 101 4
30 104 1
30 108 1
30 110 4
30 111 3
30 112 2
30 122 1
30 123 1
30 124 1
30 125 1
30 126 1
30 128 1
30 129 1
30 130 1
30 131 4
30 137 1
30 140 2
30 142 1
30 144 1
30 145 1
30 148 4
30 149 3
30 151 2
30 153 1
30 156 1
30 157 3
30 161 1
30 163 2
30 169 2
30 170 1
30 173 1
30 174 1
30 177 1
30 183 3
30 189 1
30 191 1
30 192 1
30 195 1
30 196 1
30 197 2
31 102 1
31 103 2
31 105 1
31 107 1
31 109 1
31 110 1
31 113 1
31 118 1
31 120 1
31 121 5
31 124 1
31 125 1
31 126 2
31 128 1
31 129 3
31 137 2
31 139 2
31 142 3
31 146 1
31 147 1
31 153 1
31 154 1
31 159 1
31 160 1
31 161 2
31 163 2
31 166 3
31 168 2
31 174 1
31 177 1
31 181 2
31 189 3
31 193 1
31 197 1
31 198 1
32 109 1
32 110 2
32 111 1
32 114 1
32 115 1
32 116 2
32 123 1
32 125 1
32 128 1
32 129 1
32 130 2
32 131 2
32 132 1
32 135 1
32 138 5
32 141 1
32 143 1
32 147 2
32 148 1
32 151 1
32 162 1
32 171 1
32 174 1
32 178 5
32 180 4
32 182 2
32 186 4
32 188 3
32 190 1
32 192 3
32 193 1
32 197 2
33 103 2
33 104 1
33 113 1
33 118 1
33 120 1
33 122 3
33 127 1
33 128 2
33 130 1
33 133 1
33 134 1
33 137 1
33 142 1
33 145 1
33 147 1
33 152 1
33 153 1
33 155 1
33 158 1
33 161 1
33 168 1
33 178 6
33 180 2
33 189 3
33 198 1
33 199 1
33 200 2
34 103 1
34 108 1
34 111 1
34 112 1
34 114 6
34 116 1
34 118 1
34 120 1
34 121 1
34 123 1
34 134 2
34 138 1
34 140 1
34 150 4
34 151 1
34 152 1
34 153 3
34 154 1
34 155 2
34 159 1
34 160 1
34 161 1
34 163 1
34 169 1
34 179 1
34 182 1
34 184 1
34 186 1
34 188 2
34 191 2
34 192 1
34 197 2
34 200 1
35 101 3
35 103 2
35 104 2
35 108 1
35 109 1
35 112 1
35 113 2
35 117 1
35 118 4
35 120 1
35 123 1
35 131 1
35 137 1
35 142 1
35 152 2
35 154 3
35 156 1
35 157 2
35 168 2
35 171 4
35 172 2
35 173 2
35 176 2
35 178 1
35 183 1
35 189 4
35 193 1
35 200 1
36 106 2
36 107 1
36 109 4
36 112 2
36 115 1
36 123 2
36 127 1
36 128 1
36 134 1
36 140 2
36 141 8
36 142 1
36 146 2
36 147 1
36 149 1
36 152 1
36 156 1
36 162 1
36 165 1
36 166 1
36 167 2
36 168 1
36 172 1
36 173 1
36 174 2
36 178 3
36 183 2
36 190 1
36 193 1
36 196 1
36 198 1
36 199 1
36 200 1
37 101 1
37 103 1
37 104 1
37 106 2
37 108 1
37 110 1
37 116 1
37 124 3
37 126 1
37 129 2
37 131 1
37 132 1
37 133 2
37 136 1
37 142 1
37 143 1
37 145 1
37 146 1
37 151 2
37 153 2
37 156 1
37 159 1
37 161 1
37 162 2
37 163 1
37 168 1
37 172 2
37 176 1
37 177 2
37 185 2
37 186 1
37 188 1
37 194 1
37 197 3
37 198 4
38 101 1
38 103 3
38 105 1
38 106 1
38 108 1
38 110 2
38 111 1
38 112 5
38 113 1
38 123 1
38 124 1
38 127 1
38 131 1
38 132 1
38 137 1
38 140 1
38 143 1
38 144 1
38 146 1
38 147 1
38 148 1
38 149 3
38 151 1
38 153 1
38 160 2
38 161 1
38 169 1
38 172 1
38 173 1
38 174 3
38 177 1
38 178 1
38 179 2
38 180 2
38 186 1
38 190 1
38 195 2
38 197 1
38 199 1
39 102 3
39 104 1
39 105 1
39 106 2
39 107 1
39 108 1
39 109 3
39 110 1
39 114 1
39 118 1
39 130 4
39 137 1
39 142 3
39 145 1
39 150 1
39 154 1
39 156 3
39 160 1
39 166 1
39 167 1
39 169 6
39 171 1
39 176 2
39 179 1
39 180 1
39 182 4
39 188 1
39 190 1
39 198 1
39 199 1
40 103 1
40 106 1
40 107 1
40 110 2
40 113 2
40 114 1
40 122 1
40 123 1
40 128 1
40 130 3
40 131 1
40 135 1
40 139 1
40 141 1
40 148 3
40 150 2
40 157 1
40 158 2
40 160 1
40 161 1
40 163 2
40 166 3
40 168 1
40 169 4
40 171 1
40 172 2
40 176 1
40 177 3
40 178 1
40 181 1
40 191 3
40 198 1
41 105 1
41 108 2
41 110 1
41 111 2
41 114 1
41 116 6
41 120 1
41 125 1
41 130 1
41 134 1
41 135 4
41 140 1
41 141 1
41 142 1
41 148 2
41 150 2
41 155 1
41 157 1
41 161 1
41 162 1
41 168 1
41 176 1
41 180 1
41 189 1
41 193 1
41 195 2
41 198 1
41 199 1
42 101 1
42 104 1
42 113 1
42 114 3
42 116 1
42 119 1
42 121 1
42 124 3
42 126 2
42 127 2
42 129 1
42 131 1
42 132 2
42 136 4
42 146 1
42 147 2
42 151 2
42 153 1
42 157 1
42 158 1
42 161 2
42 163 1
42 165 2
42 167 2
42 168 2
42 170 2
42 172 3
42 178 3
42 179 1
42 189 1
42 190 2
42 192 1
42 193 1
42 197 1
42 198 1
43 107 2
43 108 2
43 110 1
43 112 1
43 114 1
43 115 2
43 120 1
43 121 1
43 122 1
43 124 3
43 125 2
43 127 1
43 130 1
43 131 1
43 132 2
43 138 1
43 140 1
43 147 1
43 148 2
43 149 2
43 150 1
43 154 1
43 157 1
43 158 1
43 163 1
43 167 2
43 168 1
43 170 1
43 174 1
43 175 4
43 176 3
43 179 1
43 183 1
43 185 3
43 191 1
43 193 1
44 102 1
44 108 1
44 110 1
44 111 2
44 113 2
44 121 1
44 122 2
44 130 2
44 133 2
44 137 1
44 139 1
44 140 1
44 145 1
44 154 4
44 155 1
44 164 1
44 167 1
44 172 2
44 173 2
44 175 1
44 176 1
44 188 1
44 193 1
44 195 1
44 200 1
45 104 1
45 105 1
45 110 3
45 111 4
45 112 2
45 113 1
45 115 2
45 119 1
45 126 4
45 128 1
45 133 1
45 134 2
45 136 1
45 138 1
45 140 1
45 144 1
45 148 3
45 149 1
45 151 4
45 153 1
45 157 1
45 161 3
45 164 2
45 167 1
45 168 1
45 173 2
45 174 2
45 177 1
45 178 1
45 187 2
45 188 1
45 193 4
45 198 1
45 199 2
45 200 1
46 101 1
46 104 2
46 113 4
46 119 1
46 127 1
46 129 5
46 130 1
46 135 2
46 139 1
46 142 2
46 153 3
46 160 1
46 161 1
46 168 2
46 169 1
46 171 2
46 173 3
46 174 1
46 180 1
46 181 1
46 184 1
46 192 2
46 198 3
47 112 3
47 116 2
47 118 1
47 123 1
47 124 2
47 126 5
47 127 1
47 130 2
47 131 1
47 133 1
47 137 1
47 139 1
47 143 3
47 144 3
47 149 1
47 150 2
47 151 1
47 153 1
47 157 1
47 159 2
47 161 2
47 163 1
47 165 1
47 174 3
47 175 1
47 187 3
47 194 2
48 101 1
48 103 5
48 104 1
48 105 1
48 107 2
48 110 4
48 112 1
48 114 3
48 115 2
48 116 3
48 117 1
48 118 3
48 120 2
48 122 1
48 128 1
48 132 2
48 134 1
48 135 2
48 136 1
48 141 1
48 145 2
48 149 1
48 150 2
48 154 1
48 156 1
48 158 3
48 160 1
48 165 1
48 173 2
48 174 1
48 176 2
48 177 3
48 179 1
48 182 3
48 185 1
48 186 2
48 187 1
48 189 1
48 190 1
48 194 1
48 196 1
48 198 1
48 199 2
48 200 1
49 101 1
49 102 1
49 115 3
49 122 2
49 129 1
49 134 3
49 135 1
49 136 4
49 139 1
49 143 1
49 145 2
49 147 1
49 157 2
49 162 1
49 165 1
49 171 1
49 174 2
49 175 1
49 176 1
49 182 2
49 189 1
49 190 1
49 191 2
49 192 2
50 101 2
50 108 1
50 112 2
50 119 2
50 121 2
50 128 3
50 135 3
50 136 1
50 137 1
50 138 1
50 140 1
50 143 1
50 148 1
50 152 1
50 153 1
50 155 3
50 158 1
50 162 2
50 163 1
50 168 1
50 171 2
50 173 1
50 174 1
50 176 1
50 179 1
50 180 1
50 181 1
50 183 1
50 185 1
50 189 1
50 193 2
51 102 1
51 107 1
51 108 2
51 109 3
51 110 1
51 111 1
51 112 2
51 113 1
51 116 1
51 119 1
51 124 1
51 128 3
51 134 1
51 140 3
51 141 3
51 147 2
51 148 1
51 153 4
51 154 1
51 155 1
51 165 1
51 166 2
51 170 1
51 172 2
51 176 1
51 177 2
51 183 1
51 184 2
51 188 2
51 193 1
51 199 2
52 101 1
52 105 1
52 114 1
52 117 1
52 118 1
52 123 4
52 125 1
52 127 1
52 129 1
52 133 1
52 134 2
52 135 1
52 137 1
52 140 1
52 145 3
52 148 1
52 154 5
52 155 3
52 156 1
52 158 1
52 160 1
52 161 1
52 166 3
52 167 2
52 168 1
52 171 2
52 178 2
52 179 2
52 182 1
52 183 1
52 185 2
52 187 1
52 188 1
52 196 3
52 198 1
53 103 1
53 105 2
53 106 1
53 112 1
53 114 2
53 116 1
53 118 2
53 122 1
53 123 2
53 125 4
53 127 1
53 128 1
53 130 1
53 131 5
53 132 1
53 137 1
53 140 1
53 142 2
53 143 1
53 146 1
53 147 4
53 151 1
53 155 1
53 162 1
53 168 6
53 172 1
53 174 1
53 175 1
53 179 4
53 183 1
53 184 2
53 187 1
53 194 2
53 197 2
53 198 2
54 101 1
54 103 1
54 104 1
54 112 2
54 115 1
54 123 2
54 124 1
54 129 1
54 131 1
54 133 2
54 135 1
54 136 2
54 137 1
54 140 2
54 142 1
54 151 1
54 156 2
54 157 2
54 158 2
54 159 1
54 166 1
54 168 2
54 169 2
54 176 2
54 178 1
54 179 1
54 180 1
54 181 1
54 188 2
54 190 1
54 199 4
54 200 1
55 101 1
55 102 4
55 108 1
55 117 1
55 119 1
55 122 2
55 127 2
55 129 1
55 130 1
55 131 1
55 132 1
55 135 1
55 136 1
55 137 5
55 139 1
55 145 2
55 146 2
55 151 1
55 164 4
55 166 2
55 167 1
55 171 2
55 175 3
55 176 1
55 179 1
55 180 1
55 181 2
55 188 2
55 193 1
55 195 1
56 101 1
56 102 3
56 103 3
56 105 1
56 106 1
56 116 1
56 119 1
56 125 2
56 126 1
56 131 2
56 141 1
56 142 2
56 146 1
56 149 1
56 150 1
56 157 1
56 159 1
56 165 2
56 166 1
56 168 4
56 169 1
56 171 1
56 173 4
56 175 1
56 187 2
56 188 1
56 191 1
56 192 2
56 194 3
56 195 2
56 198 1
57 101 1
57 102 1
57 104 1
57 105 8
57 112 1
57 116 1
57 117 2
57 118 1
57 121 1
57 127 1
57 128 2
57 133 4
57 137 1
57 138 2
57 140 1
57 142 1
57 147 1
57 152 1
57 153 1
57 155 1
57 157 2
57 158 1
57 160 1
57 164 1
57 173 1
57 174 1
57 176 1
57 179 1
57 181 1
57 182 1
57 183 1
57 184 1
57 186 2
57 191 5
57 194 1
57 196 1
58 101 2
58 105 1
58 110 1
58 111 1
58 121 1
58 122 1
58 123 1
58 129 1
58 130 1
58 138 2
58 140 1
58 142 1
58 147 1
58 148 2
58 149 2
58 150 1
58 153 4
58 158 2
58 162 1
58 163 3
58 164 1
58 166 1
58 171 1
58 174 1
58 176 4
58 178 1
58 181 2
58 182 4
58 185 1
58 189 1
58 190 1
58 195 4
58 199 1
58 200 2
59 104 2
59 113 1
59 115 2
59 122 1
59 125 1
59 126 2
59 134 1
59 137 1
59 144 4
59 151 1
59 157 1
59 158 1
59 164 1
59 168 1
59 171 1
59 177 3
59 180 1
59 181 1
59 182 2
59 183 1
59 185 1
59 193 3
59 194 1
59 197 1
59 198 1
59 199 1
60 102 1
60 106 1
60 107 5
60 112 1
60 114 1
60 117 1
60 119 2
60 120 2
60 122 1
60 123 2
60 124 1
60 127 2
60 128 1
60 131 3
60 133 2
60 134 8
60 135 1
60 137 3
60 138 1
60 140 1
60 151 1
60 156 1
60 158 1
60 164 1
60 167 1
60 168 2
60 171 1
60 172 1
60 176 1
60 181 1
60 183 3
60 184 3
60 186 1
60 190 2
60 195 1
60 198 2
61 101 1
61 104 1
61 106 1
61 113 1
61 115 1
61 117 1
61 119 1
61 124 1
61 126 1
61 127 1
61 130 2
61 133 2
61 135 2
61 137 2
61 138 3
61 144 1
61 150 1
61 152 1
61 153 2
61 159 1
61 162 1
61 163 1
61 166 1
61 170 1
61 184 1
61 190 2
61 193 1
61 195 1
61 196 1
61 199 1
62 101 1
62 108 2
62 112 2
62 119 5
62 121 2
62 122 1
62 123 1
62 125 1
62 129 2
62 131 2
62 134 1
62 135 1
62 138 1
62 142 6
62 145 1
62 146 1
62 150 1
62 151 1
62 157 3
62 159 1
62 162 2
62 174 1
62 179 1
62 181 1
62 184 1
62 186 1
62 188 1
62 189 1
62 197 2
62 200 1
63 102 2
63 109 1
63 115 1
63 118 1
63 125 1
63 126 2
63 127 1
63 128 1
63 129 2
63 132 1
63 133 3
63 135 2
63 136 1
63 137 1
63 142 1
63 148 1
63 150 1
63 152 1
63 153 2
63 154 3
63 156 2
63 158 1
63 159 3
63 160 1
63 164 2
63 166 1
63 167 2
63 168 2
63 169 1
63 170 2
63 173 1
63 175 2
63 179 1
63 180 3
63 183 2
63 184 2
63 187 1
63 196 1
63 197 1
64 102 1
64 104 1
64 106 3
64 107 2
64 115 4
64 117 3
64 119 1
64 123 2
64 124 1
64 125 2
64 129 1
64 135 1
64 136 2
64 137 1
64 140 1
64 142 1
64 143 2
64 144 1
64 150 1
64 155 2
64 162 6
64 165 1
64 166 1
64 167 3
64 169 3
64 171 1
64 173 1
64 175 1
64 176 1
64 189 1
64 190 1
64 191 2
64 194 1
64 195 1
65 104 2
65 108 1
65 109 1
65 111 1
65 114 1
65 116 2
65 117 1
65 118 1
65 119 2
65 133 2
65 134 1
65 146 1
65 150 1
65 161 1
65 164 1
65 165 1
65 166 2
65 168 2
65 169 6
65 174 2
65 175 1
65 176 2
65 180 1
65 181 1
65 182 1
65 183 1
65 188 2
65 191 1
65 193 1
65 195 1
65 198 1
65 200 3
66 103 1
66 104 1
66 106 2
66 108 1
66 114 5
66 115 2
66 122 1
66 125 2
66 128 2
66 130 3
66 134 1
66 135 1
66 136 3
66 139 2
66 140 1
66 141 1
66 142 1
66 143 3
66 150 1
66 157 1
66 160 1
66 170 2
66 174 1
66 178 1
66 179 1
66 180 1
66 182 2
66 183 1
66 188 1
66 189 1
66 193 1
66 194 1
66 195 1
66 199 3
67 104 1
67 106 1
67 107 1
67 108 1
67 113 1
67 115 2
67 116 1
67 122 1
67 126 1
67 127 2
67 128 2
67 137 2
67 142 1
67 144 3
67 147 2
67 149 1
67 151 1
67 152 1
67 157 1
67 158 2
67 161 1
67 164 1
67 171 1
67 172 2
67 173 1
67 176 3
67 177 3
67 178 2
67 180 1
67 181 1
67 185 1
67 186 2
67 187 1
67 190 3
67 192 2
67 193 1
67 194 2
67 195 1
67 199 1
67 200 1
68 101 2
68 103 1
68 109 1
68 112 1
68 114 3
68 120 2
68 121 1
68 122 1
68 124 2
68 125 2
68 130 1
68 131 1
68 136 1
68 139 1
68 140 2
68 141 1
68 142 1
68 145 1
68 147 1
68 154 4
68 155 2
68 157 1
68 162 1
68 169 1
68 171 1
68 176 1
68 177 2
68 179 1
68 180 1
68 181 1
68 182 1
68 184 1
68 185 3
68 189 1
68 190 1
68 191 1
68 195 1
68 197 1
69 105 2
69 108 2
69 110 2
69 111 1
69 116 1
69 117 2
69 120 1
69 122 1
69 124 3
69 125 3
69 127 1
69 128 6
69 129 1
69 133 1
69 136 2
69 138 1
69 142 1
69 146 1
69 147 1
69 149 3
69 151 1
69 155 1
69 156 4
69 160 1
69 165 1
69 166 1
69 167 1
69 168 3
69 169 1
69 174 1
69 175 1
69 176 4
69 177 1
69 178 3
69 183 1
69 185 1
69 186 1
69 187 1
69 190 2
69 193 1
69 198 1
69 199 1
70 105 4
70 106 1
70 114 1
70 119 1
70 126 1
70 127 1
70 128 1
70 131 1
70 132 1
70 137 2
70 141 2
70 143 1
70 144 1
70 145 1
70 146 2
70 152 1
70 156 1
70 157 1
70 159 3
70 162 3
70 167 1
70 171 1
70 172 1
70 173 1
70 175 2
70 177 1
70 178 2
70 182 2
70 184 1
70 187 1
70 188 1
70 189 1
70 196 1
70 198 1
71 101 1
71 106 2
71 108 1
71 111 1
71 115 1
71 117 1
71 119 2
71 121 1
71 122 2
71 123 2
71 124 1
71 125 5
71 128 1
71 129 1
71 132 3
71 133 4
71 134 1
71 138 2
71 140 1
71 141 2
71 143 1
71 153 1
71 161 1
71 164 1
71 172 1
71 178 1
71 179 1
71 180 3
71 182 1
71 185 1
71 187 1
71 190 1
71 193 1
71 194 2
71 195 4
71 196 1
72 103 1
72 105 1
72 121 1
72 124 1
72 125 2
72 126 1
72 128 3
72 132 2
72 133 1
72 137 1
72 142 3
72 146 1
72 147 1
72 150 1
72 151 1
72 152 1
72 153 1
72 161 1
72 163 2
72 172 1
72 174 3
72 177 1
72 178 1
72 180 2
72 182 3
72 183 3
72 184 3
72 185 1
72 186 1
72 188 1
72 192 1
72 195 2
72 196 2
72 199 2
73 101 1
73 102 1
73 103 1
73 104 1
73 105 2
73 106 1
73 108 1
73 117 2
73 118 2
73 119 1
73 122 1
73 125 3
73 129 1
73 132 2
73 136 1
73 139 1
73 141 2
73 149 1
73 154 1
73 155 1
73 158 1
73 159 3
73 160 1
73 165 1
73 171 2
73 172 1
73 179 1
73 182 1
73 183 4
73 186 1
73 187 1
73 191 1
73 197 3
74 102 2
74 103 3
74 108 6
74 109 1
74 112 1
74 116 3
74 118 1
74 119 5
74 127 1
74 132 1
74 142 1
74 145 1
74 146 1
74 148 1
74 149 2
74 150 1
74 152 2
74 155 1
74 159 1
74 160 1
74 163 1
74 166 1
74 168 3
74 169 1
74 171 2
74 172 5
74 173 2
74 180 1
74 182 1
74 189 3
74 193 1
74 199 1
74 200 1
75 102 2
75 103 1
75 111 6
75 112 1
75 113 1
75 114 4
75 119 1
75 125 2
75 129 3
75 132 1
75 139 2
75 142 1
75 143 2
75 144 1
75 145 1
75 147 1
75 150 1
75 157 3
75 159 2
75 161 4
75 164 1
75 169 1
75 171 1
75 174 2
75 175 1
75 179 3
75 181 1
75 185 1
75 189 6
75 190 2
75 193 1
76 101 1
76 103 2
76 107 1
76 110 1
76 114 1
76 116 2
76 117 1
76 122 1
76 128 1
76 134 1
76 141 1
76 151 1
76 153 2
76 154 1
76 158 1
76 161 1
76 162 1
76 165 1
76 166 1
76 170 2
76 175 1
76 179 3
76 183 1
76 184 1
76 189 1
76 190 2
76 194 2
76 198 1
77 108 2
77 111 1
77 112 1
77 114 2
77 118 1
77 120 2
77 121 1
77 122 1
77 128 2
77 129 3
77 132 1
77 139 1
77 141 1
77 144 1
77 146 1
77 149 3
77 151 2
77 154 1
77 157 2
77 158 3
77 161 2
77 163 1
77 164 1
77 166 1
77 167 1
77 168 1
77 170 3
77 172 1
77 175 2
77 177 1
77 179 2
77 180 2
77 183 4
77 186 1
77 187 2
77 188 1
77 190 2
77 192 3
77 194 1
78 103 1
78 104 1
78 110 1
78 112 1
78 113 1
78 114 2
78 117 1
78 120 2
78 121 1
78 122 1
78 125 2
78 126 1
78 133 2
78 136 2
78 141 2
78 142 1
78 143 4
78 144 1
78 145 1
78 146 2
78 149 3
78 150 2
78 151 1
78 152 4
78 153 1
78 154 1
78 160 3
78 161 1
78 167 1
78 171 2
78 173 1
78 174 4
78 176 3
78 177 1
78 184 1
78 188 1
78 196 1
78 197 1
78 199 1
78 200 1
79 101 2
79 102 3
79 103 1
79 108 5
79 110 1
79 111 2
79 115 1
79 116 1
79 117 1
79 119 2
79 123 1
79 127 1
79 133 1
79 134 1
79 135 1
79 138 1
79 145 1
79 146 1
79 148 1
79 151 1
79 155 1
79 156 1
79 159 3
79 161 1
79 168 1
79 171 2
79 177 1
79 178 1
79 185 1
79 192 1
79 194 1
79 197 2
79 199 1
80 101 2
80 104 2
80 106 3
80 109 1
80 114 2
80 118 1
80 119 3
80 123 1
80 125 2
80 126 1
80 130 1
80 133 1
80 135 2
80 138 1
80 139 1
80 142 2
80 145 2
80 149 1
80 151 1
80 156 1
80 158 2
80 159 1
80 163 5
80 165 1
80 168 1
80 174 1
80 175 1
80 176 1
80 178 1
80 185 2
80 187 2
80 189 1
80 190 1
80 194 1
80 195 2
80 198 1
80 199 1
80 200 1
81 103 3
81 107 2
81 109 1
81 115 1
81 128 1
81 129 2
81 131 2
81 134 1
81 139 1
81 144 1
81 145 1
81 157 1
81 159 1
81 160 1
81 162 1
81 167 1
81 171 1
81 173 2
81 174 1
81 176 1
81 177 2
81 184 4
81 185 2
81 186 2
81 190 1
81 192 3
81 198 1
82 105 1
82 106 2
82 110 3
82 114 1
82 123 2
82 127 1
82 129 1
82 135 3
82 136 1
82 141 2
82 142 1
82 149 1
82 150 1
82 151 5
82 152 2
82 153 1
82 154 1
82 155 1
82 159 1
82 166 1
82 167 1
82 168 1
82 170 1
82 174 1
82 176 2
82 178 1
82 186 1
82 187 3
82 189 1
82 190 1
82 198 1
82 199 2
82 200 3
83 101 2
83 109 1
83 110 1
83 111 1
83 112 1
83 115 1
83 117 1
83 118 1
83 127 1
83 131 1
83 132 1
83 134 1
83 137 3
83 138 1
83 140 1
83 141 1
83 145 4
83 153 1
83 155 3
83 157 1
83 163 1
83 165 1
83 167 1
83 170 2
83 171 2
83 173 1
83 174 1
83 176 2
83 178 1
83 179 2
83 185 1
83 187 3
83 188 2
83 190 1
83 193 1
83 194 1
83 199 1
84 101 2
84 105 1
84 107 1
84 112 1
84 113 3
84 115 2
84 117 1
84 119 1
84 121 2
84 124 1
84 125 1
84 131 1
84 138 1
84 140 1
84 141 2
84 146 2
84 148 1
84 150 2
84 158 1
84 163 1
84 165 1
84 167 1
84 168 1
84 170 1
84 172 1
84 176 3
84 178 3
84 180 1
84 181 1
84 185 1
84 186 2
84 190 1
84 191 1
84 192 2
84 193 2
84 194 2
84 195 1
84 200 1
85 107 1
85 110 7
85 113 5
85 115 1
85 116 2
85 117 1
85 118 2
85 120 6
85 122 2
85 124 4
85 127 2
85 128 1
85 131 1
85 134 1
85 136 2
85 137 1
85 139 1
85 141 1
85 150 1
85 158 1
85 161 1
85 162 1
85 167 5
85 172 3
85 174 1
85 175 1
85 178 7
85 183 1
85 196 3
85 197 1
85 199 1
86 105 1
86 109 1
86 114 3
86 115 3
86 116 2
86 118 1
86 123 2
86 124 1
86 125 1
86 127 2
86 129 1
86 130 1
86 139 1
86 141 2
86 147 1
86 148 1
86 152 2
86 155 1
86 156 1
86 158 1
86 162 3
86 163 1
86 164 1
86 169 2
86 170 1
86 174 2
86 178 1
86 181 1
86 183 1
86 187 1
86 189 2
86 190 1
86 193 1
87 101 1
87 102 3
87 104 3
87 108 2
87 115 1
87 117 2
87 118 1
87 127 1
87 129 2
87 131 4
87 137 1
87 138 2
87 147 1
87 154 2
87 155 1
87 158 1
87 159 1
87 163 2
87 170 1
87 172 5
87 174 2
87 176 1
87 177 2
87 180 1
87 195 1
87 196 1
87 198 1
88 101 1
88 104 1
88 105 3
88 108 1
88 110 2
88 118 2
88 119 4
88 132 7
88 141 1
88 147 1
88 151 2
88 153 2
88 160 5
88 161 1
88 162 1
88 167 1
88 173 2
88 181 1
88 185 2
88 186 2
88 189 1
88 191 2
88 194 1
88 195 1
88 196 1
88 197 2
88 198 3
89 104 2
89 111 2
89 116 1
89 120 2
89 124 2
89 129 3
89 133 1
89 135 1
89 137 2
89 139 1
89 140 1
89 141 3
89 146 5
89 156 1
89 162 4
89 165 1
89 167 1
89 173 1
89 177 1
89 183 2
89 185 1
89 186 1
89 187 2
89 190 2
89 194 3
89 198 1
90 104 3
90 105 1
90 116 1
90 123 1
90 125 2
90 132 2
90 135 1
90 136 2
90 143 1
90 144 1
90 146 1
90 150 2
90 154 1
90 156 2
90 157 2
90 159 1
90 160 2
90 167 1
90 168 2
90 169 1
90 171 3
90 173 1
90 177 1
90 178 1
90 182 1
90 186 2
90 189 1
90 190 1
91 104 1
91 105 1
91 106 2
91 113 1
91 115 1
91 121 1
91 127 1
91 129 3
91 132 1
91 133 1
91 137 1
91 138 1
91 146 1
91 156 1
91 157 1
91 158 2
91 160 1
91 161 3
91 162 1
91 163 1
91 166 1
91 167 1
91 170 1
91 173 2
91 174 1
91 175 4
91 177 2
91 183 1
91 184 1
91 187 3
91 193 1
91 199 1
92 109 1
92 111 1
92 112 4
92 119 2
92 123 1
92 124 3
92 126 1
92 129 1
92 131 1
92 132 1
92 146 1
92 147 1
92 148 1
92 153 1
92 154 1
92 155 6
92 156 2
92 158 1
92 163 2
92 169 1
92 170 1
92 171 1
92 172 1
92 175 1
92 180 1
92 183 1
92 189 3
92 192 1
92 194 1
92 195 3
92 198 1
93 101 1
93 107 1
93 110 1
93 111 1
93 118 2
93 120 1
93 121 1
93 126 1
93 127 1
93 128 1
93 129 1
93 131 1
93 132 1
93 135 2
93 136 2
93 137 1
93 138 1
93 145 2
93 151 1
93 154 1
93 161 1
93 163 1
93 164 1
93 165 1
93 166 1
93 167 2
93 170 1
93 171 1
93 172 1
93 180 1
93 182 2
93 187 4
93 194 4
93 195 3
93 197 1
94 105 1
94 106 1
94 108 1
94 113 2
94 115 3
94 116 1
94 118 1
94 119 1
94 120 1
94 123 1
94 124 1
94 130 1
94 131 2
94 135 1
94 136 1
94 147 1
94 148 1
94 151 1
94 153 1
94 154 1
94 156 1
94 160 1
94 165 3
94 168 1
94 170 2
94 172 1
94 174 2
94 175 2
94 178 2
94 180 1
94 181 1
94 184 2
94 187 1
94 189 1
94 191 1
94 193 2
94 194 1
94 196 1
94 198 4
95 102 1
95 105 3
95 106 1
95 109 1
95 111 6
95 113 2
95 115 1
95 116 2
95 117 1
95 126 4
95 130 2
95 133 2
95 135 1
95 136 1
95 137 2
95 138 1
95 143 2
95 144 1
95 146 6
95 147 1
95 148 1
95 150 3
95 152 1
95 153 1
95 156 1
95 158 1
95 162 1
95 169 3
95 170 1
95 171 1
95 172 1
95 174 2
95 176 3
95 177 1
95 179 2
95 182 1
95 183 1
95 185 1
95 187 1
95 188 1
95 193 2
95 194 1
95 195 1
95 196 1
95 197 1
96 102 1
96 106 1
96 108 1
96 111 2
96 112 2
96 115 1
96 119 1
96 121 2
96 124 3
96 125 2
96 126 1
96 130 1
96 135 1
96 137 1
96 138 3
96 141 1
96 146 1
96 149 1
96 151 1
96 154 1
96 155 1
96 159 2
96 160 1
96 164 1
96 167 2
96 168 1
96 171 1
96 172 1
96 183 1
96 185 1
96 186 1
96 187 2
96 188 1
96 190 1
96 191 2
96 195 1
96 197 3
96 200 1
97 102 2
97 104 1
97 115 1
97 116 1
97 117 1
97 118 3
97 125 1
97 136 1
97 138 2
97 143 1
97 149 1
97 155 2
97 157 1
97 159 2
97 160 1
97 168 1
97 177 2
97 179 1
97 182 1
97 188 1
97 189 2
97 191 2
97 192 1
97 194 2
97 196 1
97 197 1
97 200 1
98 104 1
98 108 2
98 110 1
98 112 1
98 118 3
98 119 1
98 120 1
98 126 1
98 130 1
98 131 3
98 133 1
98 134 1
98 135 1
98 137 1
98 141 2
98 142 1
98 156 2
98 159 1
98 162 1
98 167 1
98 170 2
98 171 4
98 176 1
98 179 2
98 188 1
98 192 1
98 200 1
99 106 4
99 114 1
99 115 2
99 116 1
99 118 1
99 127 1
99 130 1
99 132 1
99 135 1
99 142 2
99 144 1
99 145 1
99 150 1
99 156 4
99 162 4
99 164 1
99 167 1
99 168 4
99 171 1
99 180 1
99 181 1
99 190 2
99 193 1
99 196 1
99 197 3
99 199 1
100 102 3
100 104 1
100 105 4
100 107 2
100 110 1
100 116 1
100 122 1
100 126 1
100 127 1
100 128 1
100 132 1
100 135 3
100 136 1
100 140 2
100 141 1
100 157 1
100 158 3
100 159 1
100 161 2
100 163 1
100 165 2
100 172 2
100 174 1
100 176 1
100 180 1
100 181 2
100 186 3
100 189 2
100 191 1
100 193 1
100 194 1
100 196 1
100 197 1
