100 100 20 5434
#constraints
105 106
102 115
109 116
101 120
112 121
103 137
140 141
124 144
126 149
142 150
116 151
121 155
101 156
152 160
128 164
127 165
162 177
134 181
166 185
172 200
#edges
1 101 3
1 105 1
1 106 2
1 107 3
1 108 3
1 110 2
1 112 2
1 114 1
1 117 1
1 118 1
1 119 2
1 126 2
1 128 3
1 130 2
1 133 5
1 134 1
1 135 1
1 137 2
1 139 1
1 141 2
1 142 4
1 143 1
1 144 1
1 145 1
1 146 2
1 147 2
1 148 1
1 149 1
1 151 1
1 152 1
1 154 3
1 155 1
1 158 1
1 159 4
1 160 1
1 162 1
1 164 2
1 166 3
1 167 2
1 168 3
1 175 1
1 176 1
1 180 1
1 182 1
1 186 2
1 188 1
1 189 1
1 191 1
1 192 1
1 193 1
1 194 3
1 195 1
1 196 2
1 197 1
1 198 2
1 199 1
2 104 1
2 105 1
2 108 1
2 109 2
2 112 1
2 113 1
2 114 1
2 116 1
2 117 1
2 118 1
2 119 2
2 122 1
2 126 4
2 128 1
2 129 1
2 131 4
2 133 1
2 134 1
2 135 1
2 136 1
2 137 2
2 138 1
2 139 1
2 142 3
2 146 2
2 147 1
2 150 1
2 151 1
2 155 1
2 157 1
2 158 2
2 159 2
2 160 1
2 162 1
2 164 1
2 165 1
2 169 2
2 172 1
2 173 1
2 174 1
2 175 3
2 176 1
2 178 1
2 187 1
2 188 1
2 189 2
2 191 1
2 194 1
2 199 1
3 103 1
3 104 1
3 105 1
3 106 1
3 107 1
3 108 1
3 110 1
3 111 2
3 113 1
3 119 2
3 121 1
3 122 1
3 125 1
3 127 1
3 132 1
3 138 2
3 139 3
3 140 2
3 142 1
3 146 1
3 147 1
3 149 2
3 150 1
3 152 1
3 153 1
3 154 1
3 157 2
3 160 1
3 161 1
3 162 2
3 165 1
3 167 1
3 169 1
3 170 1
3 171 1
3 175 1
3 176 1
3 177 2
3 178 1
3 179 1
3 181 4
3 182 1
3 184 1
3 186 2
3 187 1
3 188 2
3 189 1
3 190 2
3 191 1
3 194 2
3 195 3
3 197 1
4 106 1
4 109 1
4 111 2
4 117 1
4 120 1
4 122 3
4 127 1
4 128 3
4 129 1
4 132 1
4 134 3
4 135 2
4 136 2
4 138 2
4 140 2
4 141 1
4 145 1
4 147 1
4 149 2
4 151 1
4 152 2
4 154 4
4 158 1
4 159 1
4 160 1
4 162 1
4 163 1
4 165 4
4 166 2
4 168 2
4 176 1
4 177 2
4 178 1
4 179 1
4 183 1
4 185 2
4 186 1
4 187 2
4 188 2
4 189 1
4 192 2
4 194 4
4 197 1
4 200 1
5 102 1
5 104 2
5 110 1
5 112 2
5 114 2
5 115 2
5 117 1
5 119 2
5 121 3
5 123 1
5 124 3
5 125 1
5 126 1
5 128 3
5 129 1
5 130 1
5 132 6
5 135 1
5 136 1
5 137 3
5 138 1
5 140 1
5 141 1
5 142 1
5 144 1
5 146 1
5 147 3
5 148 1
5 149 1
5 150 1
5 152 1
5 154 1
5 155 2
5 156 1
5 157 2
5 158 1
5 159 1
5 160 1
5 161 2
5 162 1
5 163 3
5 164 1
5 166 1
5 173 1
5 174 1
5 176 1
5 177 1
5 181 1
5 182 2
5 183 1
5 184 2
5 185 1
5 188 2
5 189 1
5 194 4
5 195 5
5 196 1
5 197 1
5 200 1
6 108 1
6 110 2
6 112 2
6 113 2
6 114 1
6 118 2
6 120 1
6 121 2
6 125 1
6 127 1
6 129 1
6 131 1
6 132 2
6 133 1
6 134 1
6 135 2
6 136 1
6 137 1
6 138 1
6 139 1
6 140 2
6 141 2
6 142 2
6 144 4
6 145 1
6 146 2
6 149 3
6 150 1
6 152 1
6 154 1
6 155 3
6 157 1
6 159 2
6 160 1
6 168 1
6 170 1
6 171 1
6 172 1
6 175 4
6 176 1
6 178 1
6 179 2
6 180 1
6 181 1
6 183 2
6 185 2
6 186 1
6 187 1
6 188 1
6 189 5
6 191 1
6 193 1
6 194 2
6 197 1
6 199 1
6 200 2
7 101 2
7 102 1
7 103 2
7 106 2
7 109 1
7 110 2
7 113 2
7 115 2
7 116 1
7 117 2
7 118 2
7 120 4
7 123 2
7 124 2
7 127 2
7 129 1
7 130 1
7 131 2
7 132 2
7 134 1
7 136 1
7 137 2
7 139 1
7 140 1
7 141 1
7 142 3
7 143 1
7 146 3
7 147 2
7 149 1
7 150 1
7 152 1
7 153 1
7 156 2
7 157 1
7 158 1
7 159 2
7 161 1
7 162 1
7 163 3
7 165 1
7 166 1
7 167 3
7 169 1
7 170 1
7 173 1
7 174 4
7 179 1
7 180 1
7 181 1
7 182 1
7 183 2
7 185 1
7 186 1
7 189 1
7 192 1
7 193 1
7 194 1
7 196 2
7 198 3
7 200 1
8 102 1
8 103 1
8 107 1
8 108 1
8 111 2
8 112 1
8 113 2
8 115 1
8 117 2
8 120 1
8 121 1
8 126 1
8 128 1
8 129 1
8 130 1
8 132 1
8 133 2
8 134 4
8 136 1
8 138 2
8 139 1
8 140 1
8 141 1
8 142 4
8 143 3
8 145 1
8 147 1
8 148 4
8 149 1
8 150 1
8 154 1
8 155 2
8 156 1
8 157 1
8 160 1
8 161 1
8 163 1
8 164 1
8 165 2
8 167 2
8 168 1
8 169 1
8 176 5
8 177 1
8 178 2
8 181 1
8 185 1
8 186 2
8 188 1
8 189 1
8 191 3
8 192 1
8 193 1
8 196 2
8 199 1
9 104 1
9 108 2
9 109 1
9 111 1
9 114 1
9 117 1
9 119 1
9 121 1
9 122 1
9 125 1
9 127 1
9 129 1
9 131 2
9 132 1
9 133 1
9 134 1
9 135 3
9 136 2
9 139 1
9 141 1
9 142 1
9 145 3
9 149 1
9 151 1
9 156 1
9 157 2
9 160 2
9 162 2
9 163 1
9 164 1
9 165 2
9 166 5
9 167 2
9 168 3
9 170 1
9 171 5
9 174 1
9 176 2
9 183 1
9 185 1
9 186 1
9 189 1
9 194 2
9 195 2
9 198 1
9 199 1
10 101 3
10 102 2
10 103 1
10 105 1
10 106 1
10 110 2
10 112 1
10 113 1
10 118 2
10 119 1
10 120 3
10 121 1
10 122 1
10 124 1
10 125 1
10 126 1
10 127 2
10 129 2
10 132 1
10 133 1
10 134 1
10 140 1
10 141 1
10 143 4
10 144 2
10 146 1
10 148 1
10 150 1
10 152 1
10 156 2
10 157 3
10 158 1
10 159 2
10 161 1
10 163 1
10 164 1
10 165 1
10 166 1
10 168 3
10 172 1
10 174 1
10 176 1
10 180 2
10 183 2
10 185 3
10 186 3
10 188 3
10 191 2
10 196 4
10 199 1
10 200 1
11 101 1
11 103 1
11 104 2
11 105 2
11 106 1
11 110 4
11 112 1
11 116 1
11 117 3
11 118 1
11 120 1
11 122 1
11 124 1
11 125 3
11 126 2
11 128 1
11 130 1
11 131 1
11 132 1
11 133 1
11 135 1
11 136 2
11 137 1
11 138 1
11 139 1
11 140 1
11 142 1
11 143 2
11 145 1
11 146 1
11 147 1
11 151 1
11 152 5
11 153 1
11 154 3
11 156 1
11 157 3
11 159 2
11 160 4
11 162 2
11 165 1
11 167 2
11 168 4
11 169 1
11 170 1
11 173 1
11 175 2
11 176 3
11 179 1
11 180 1
11 183 1
11 184 1
11 186 2
11 187 3
11 188 1
11 192 2
11 193 1
11 194 5
11 197 3
11 198 1
11 199 1
12 102 2
12 103 1
12 104 2
12 105 1
12 106 2
12 107 1
12 108 1
12 112 1
12 113 1
12 114 1
12 115 1
12 118 1
12 119 1
12 120 1
12 121 1
12 123 1
12 124 1
12 127 3
12 128 1
12 129 1
12 130 1
12 133 1
12 134 1
12 136 1
12 138 1
12 139 1
12 140 1
12 141 5
12 143 2
12 145 1
12 146 2
12 147 1
12 149 1
12 152 2
12 154 1
12 156 1
12 158 3
12 159 1
12 160 1
12 162 1
12 165 2
12 168 4
12 173 1
12 174 2
12 175 1
12 178 1
12 179 1
12 180 1
12 181 1
12 182 1
12 183 1
12 185 3
12 187 1
12 190 1
12 191 2
12 192 1
12 193 3
12 195 1
12 196 1
12 197 1
12 198 1
12 199 2
13 102 3
13 104 2
13 105 3
13 106 1
13 109 2
13 110 2
13 111 1
13 112 1
13 113 3
13 114 1
13 117 1
13 119 1
13 120 1
13 124 1
13 125 1
13 126 1
13 128 1
13 131 1
13 133 1
13 136 1
13 137 1
13 139 1
13 140 1
13 141 3
13 142 1
13 145 1
13 146 2
13 148 2
13 149 2
13 152 1
13 153 2
13 155 1
13 156 1
13 159 2
13 163 1
13 164 1
13 165 2
13 168 1
13 169 1
13 170 3
13 174 4
13 175 2
13 178 1
13 179 1
13 180 2
13 182 4
13 185 1
13 186 1
13 187 1
13 188 2
13 189 1
13 190 1
13 191 4
13 193 1
13 195 1
13 198 1
13 199 1
13 200 2
14 102 1
14 104 1
14 107 3
14 108 4
14 109 1
14 111 1
14 114 2
14 116 2
14 119 1
14 122 2
14 123 1
14 125 1
14 126 1
14 128 2
14 130 1
14 131 2
14 132 1
14 134 1
14 136 1
14 137 3
14 139 3
14 144 1
14 145 1
14 148 1
14 149 1
14 150 2
14 153 1
14 157 1
14 160 2
14 162 1
14 163 1
14 166 2
14 167 1
14 170 1
14 171 2
14 172 2
14 173 5
14 174 1
14 175 2
14 181 1
14 185 2
14 187 1
14 189 1
14 190 1
14 192 1
14 194 1
14 195 1
14 198 1
15 102 3
15 103 2
15 104 2
15 105 3
15 107 1
15 108 3
15 110 1
15 111 4
15 112 6
15 115 1
15 117 1
15 118 1
15 119 1
15 120 2
15 121 3
15 125 1
15 126 2
15 127 2
15 128 1
15 129 2
15 130 2
15 132 1
15 133 1
15 134 1
15 137 2
15 140 1
15 144 1
15 145 2
15 146 1
15 149 1
15 152 2
15 155 3
15 156 1
15 158 1
15 160 1
15 161 1
15 163 2
15 164 1
15 166 1
15 167 1
15 168 1
15 169 1
15 171 3
15 172 1
15 174 1
15 175 1
15 178 1
15 179 4
15 181 3
15 183 2
15 185 1
15 186 1
15 191 2
15 192 1
15 193 1
15 194 1
15 196 4
15 198 1
15 199 1
16 102 1
16 103 1
16 104 1
16 105 1
16 106 2
16 107 2
16 109 1
16 111 1
16 112 1
16 114 2
16 115 1
16 116 1
16 119 3
16 120 2
16 122 1
16 125 1
16 126 1
16 127 1
16 129 1
16 134 1
16 136 1
16 137 1
16 144 1
16 145 1
16 147 1
16 149 1
16 150 1
16 151 2
16 153 2
16 156 3
16 157 1
16 158 2
16 165 2
16 166 1
16 167 1
16 169 1
16 171 1
16 172 1
16 173 2
16 175 1
16 177 1
16 182 1
16 183 2
16 184 1
16 185 2
16 187 1
16 189 1
16 191 3
16 192 1
16 195 2
16 196 1
16 198 2
16 200 2
17 101 1
17 102 1
17 103 1
17 105 2
17 107 1
17 108 2
17 111 1
17 112 1
17 113 1
17 114 1
17 116 4
17 117 1
17 120 1
17 121 1
17 122 3
17 123 1
17 124 2
17 125 1
17 127 1
17 128 1
17 129 1
17 130 1
17 131 1
17 133 1
17 134 3
17 139 1
17 141 1
17 142 1
17 143 1
17 144 1
17 145 1
17 149 1
17 150 1
17 153 4
17 154 3
17 155 1
17 156 2
17 158 1
17 164 1
17 166 1
17 167 1
17 170 1
17 171 3
17 174 1
17 175 1
17 176 2
17 177 1
17 180 2
17 181 1
17 183 2
17 185 1
17 187 3
17 188 3
17 189 1
17 190 1
17 192 2
17 194 1
17 196 1
17 198 2
17 199 1
18 103 1
18 104 1
18 107 1
18 113 1
18 116 1
18 117 1
18 118 2
18 122 1
18 123 1
18 125 1
18 126 2
18 127 1
18 128 2
18 129 1
18 132 1
18 136 2
18 139 2
18 141 1
18 142 1
18 144 2
18 145 2
18 147 1
18 151 1
18 153 1
18 155 2
18 158 1
18 160 3
18 163 1
18 164 1
18 166 1
18 168 1
18 169 1
18 174 1
18 175 2
18 176 1
18 178 2
18 180 1
18 183 1
18 184 1
18 185 1
18 186 1
18 187 1
18 188 1
18 189 1
18 191 3
18 193 1
18 194 1
18 198 1
18 199 1
18 200 4
19 101 2
19 103 1
19 105 2
19 106 3
19 108 2
19 109 1
19 110 1
19 111 1
19 112 2
19 114 2
19 115 1
19 117 1
19 120 2
19 127 1
19 130 2
19 132 7
19 134 1
19 136 1
19 137 2
19 141 1
19 142 2
19 143 1
19 152 1
19 155 1
19 156 2
19 157 4
19 161 1
19 163 1
19 164 1
19 165 1
19 166 1
19 167 1
19 169 1
19 170 1
19 171 3
19 172 3
19 175 1
19 176 1
19 178 3
19 179 1
19 180 2
19 181 2
19 182 2
19 183 1
19 184 1
19 190 1
19 192 1
19 196 2
19 199 1
20 102 1
20 103 2
20 105 1
20 107 1
20 108 1
20 109 1
20 110 1
20 114 2
20 115 2
20 117 1
20 118 2
20 120 1
20 122 1
20 123 1
20 125 1
20 127 1
20 134 5
20 143 1
20 145 1
20 146 4
20 147 1
20 151 1
20 153 2
20 155 2
20 156 1
20 157 1
20 158 2
20 159 1
20 160 1
20 161 1
20 162 1
20 164 3
20 165 1
20 166 1
20 168 1
20 171 3
20 172 1
20 173 1
20 174 2
20 176 2
20 177 1
20 180 1
20 181 1
20 182 2
20 183 7
20 185 1
20 189 2
20 191 1
20 192 2
20 193 2
20 194 2
20 195 1
20 198 2
20 199 1
21 104 1
21 106 1
21 108 5
21 109 1
21 113 1
21 115 2
21 121 1
21 122 1
21 125 1
21 126 3
21 127 1
21 129 1
21 135 1
21 142 1
21 143 1
21 151 2
21 152 1
21 153 3
21 157 1
21 159 1
21 160 2
21 162 1
21 164 1
21 166 1
21 167 2
21 168 1
21 169 1
21 172 1
21 176 5
21 177 3
21 179 2
21 181 1
21 182 1
21 184 1
21 185 1
21 186 3
21 187 1
21 192 1
21 193 1
21 196 1
21 197 2
21 199 1
21 200 1
22 101 1
22 102 1
22 103 1
22 104 1
22 105 2
22 106 1
22 107 1
22 108 2
22 109 1
22 111 2
22 112 1
22 114 2
22 116 2
22 117 1
22 118 1
22 119 1
22 121 1
22 125 2
22 126 2
22 130 1
22 131 3
22 138 1
22 141 3
22 142 2
22 143 1
22 145 1
22 146 1
22 147 3
22 148 1
22 149 3
22 151 1
22 152 5
22 153 1
22 154 2
22 155 2
22 156 1
22 157 1
22 164 1
22 167 2
22 168 1
22 169 2
22 170 1
22 171 4
22 173 2
22 176 3
22 178 1
22 179 2
22 181 1
22 182 1
22 184 1
22 185 1
22 187 1
22 189 1
22 190 1
22 191 1
22 192 1
22 193 1
22 195 1
22 196 1
22 199 1
22 200 1
23 102 1
23 105 3
23 106 3
23 108 2
23 109 1
23 112 1
23 113 3
23 114 1
23 115 1
23 116 1
23 117 2
23 118 2
23 119 2
23 121 1
23 122 3
23 124 2
23 127 1
23 129 1
23 130 2
23 131 2
23 136 1
23 137 1
23 140 2
23 141 1
23 142 3
23 144 4
23 145 2
23 149 2
23 151 1
23 153 2
23 155 2
23 156 1
23 159 1
23 163 1
23 164 4
23 165 1
23 168 1
23 170 1
23 171 1
23 175 2
23 176 1
23 178 1
23 179 2
23 182 1
23 184 2
23 187 1
23 188 1
23 189 1
23 191 1
23 193 1
23 194 1
23 195 3
23 196 2
23 200 1
24 105 3
24 107 1
24 111 1
24 113 2
24 115 1
24 119 1
24 120 1
24 121 2
24 122 1
24 123 1
24 124 1
24 125 3
24 126 3
24 127 1
24 128 2
24 129 2
24 130 1
24 132 1
24 134 2
24 139 1
24 143 1
24 146 2
24 149 3
24 151 1
24 152 3
24 153 1
24 154 2
24 156 2
24 157 1
24 162 1
24 164 1
24 167 1
24 169 1
24 170 1
24 171 1
24 172 1
24 173 1
24 176 1
24 178 1
24 179 4
24 181 1
24 182 1
24 185 2
24 186 1
24 187 2
24 188 1
24 189 1
24 192 1
24 194 1
24 195 2
24 199 2
24 200 1
25 101 1
25 102 2
25 103 1
25 105 1
25 107 1
25 109 1
25 111 1
25 117 1
25 121 1
25 122 3
25 123 1
25 129 1
25 130 2
25 131 1
25 132 4
25 141 5
25 143 1
25 144 1
25 145 1
25 146 1
25 147 3
25 152 2
25 153 1
25 154 1
25 155 1
25 156 1
25 158 4
25 159 1
25 160 1
25 162 2
25 163 1
25 166 1
25 168 1
25 169 2
25 170 1
25 171 1
25 174 1
25 177 1
25 179 1
25 180 1
25 182 1
25 185 1
25 186 6
25 187 1
25 191 3
25 192 1
25 193 1
25 195 4
25 196 1
25 198 3
25 199 1
26 103 1
26 105 3
26 106 1
26 109 1
26 112 2
26 113 1
26 115 1
26 116 4
26 117 3
26 118 3
26 119 3
26 120 1
26 121 1
26 122 1
26 123 1
26 125 1
26 127 1
26 131 2
26 132 3
26 134 1
26 137 3
26 138 1
26 140 1
26 142 1
26 143 2
26 145 2
26 146 1
26 148 1
26 149 3
26 150 1
26 152 1
26 153 1
26 156 1
26 157 1
26 159 3
26 162 3
26 164 1
26 168 1
26 169 2
26 170 1
26 171 1
26 172 1
26 178 3
26 179 1
26 183 1
26 185 1
26 187 1
26 188 1
26 190 1
26 191 1
26 194 2
26 195 6
26 198 1
26 199 1
27 101 1
27 109 3
27 110 1
27 112 1
27 113 1
27 114 1
27 117 2
27 119 2
27 130 2
27 132 1
27 133 1
27 135 2
27 136 2
27 141 1
27 142 1
27 146 1
27 147 2
27 149 1
27 151 2
27 153 3
27 157 1
27 158 1
27 159 1
27 162 1
27 163 1
27 165 1
27 168 2
27 169 1
27 170 1
27 171 1
27 173 5
27 174 1
27 176 1
27 177 1
27 180 2
27 181 1
27 183 3
27 187 2
27 188 2
27 191 4
27 193 2
27 196 2
27 197 2
27 200 2
28 102 2
28 104 1
28 105 1
28 107 2
28 109 1
28 110 2
28 111 3
28 112 1
28 117 1
28 119 1
28 121 2
28 124 1
28 125 3
28 129 2
28 130 1
28 131 2
28 132 1
28 135 1
28 138 1
28 139 2
28 140 2
28 141 4
28 142 1
28 147 1
28 148 1
28 151 2
28 152 1
28 153 3
28 156 1
28 157 1
28 158 1
28 160 2
28 162 1
28 163 1
28 165 1
28 166 2
28 167 3
28 168 3
28 169 3
28 171 1
28 173 1
28 177 1
28 180 1
28 182 1
28 183 1
28 187 1
28 190 1
28 191 2
28 192 1
28 196 1
28 197 2
28 198 3
29 102 2
29 103 2
29 105 1
29 107 1
29 109 1
29 113 3
29 114 2
29 115 1
29 116 1
29 118 3
29 120 1
29 122 1
29 125 1
29 126 2
29 127 2
29 130 1
29 131 1
29 133 3
29 134 1
29 136 2
29 138 2
29 139 2
29 140 1
29 142 1
29 145 2
29 147 2
29 151 3
29 152 1
29 153 1
29 155 3
29 158 1
29 159 1
29 161 1
29 163 1
29 164 1
29 166 1
29 168 4
29 171 2
29 172 1
29 174 1
29 175 1
29 179 1
29 180 1
29 185 2
29 186 2
29 188 3
29 189 4
29 192 1
29 193 1
29 194 1
29 199 1
29 200 3
30 101 2
30 102 1
30 104 1
30 108 1
30 109 1
30 111 2
30 112 1
30 113 2
30 115 2
30 117 2
30 118 2
30 120 1
30 124 2
30 125 1
30 128 1
30 129 1
30 130 1
30 131 1
30 133 7
30 135 2
30 136 3
30 139 1
30 142 3
30 144 5
30 145 1
30 146 1
30 147 1
30 149 4
30 151 1
30 152 2
30 154 1
30 157 1
30 161 2
30 162 1
30 163 3
30 167 2
30 169 1
30 171 2
30 180 1
30 181 1
30 185 2
30 186 2
30 187 1
30 188 1
30 189 1
30 196 2
30 197 5
30 198 1
30 199 1
30 200 2
31 101 5
31 103 2
31 105 1
31 110 3
31 114 1
31 116 1
31 117 3
31 118 4
31 121 1
31 122 1
31 123 2
31 125 2
31 127 2
31 129 1
31 130 1
31 132 1
31 133 1
31 134 1
31 137 2
31 139 2
31 140 1
31 141 1
31 144 3
31 145 1
31 147 1
31 148 1
31 150 1
31 152 2
31 153 1
31 157 1
31 160 1
31 162 3
31 163 3
31 165 1
31 166 2
31 167 2
31 169 2
31 171 1
31 173 1
31 178 1
31 179 1
31 180 1
31 182 2
31 186 1
31 187 1
31 189 1
31 190 2
31 194 3
31 196 2
31 197 1
31 198 1
31 199 1
31 200 1
32 101 3
32 102 1
32 103 1
32 104 2
32 107 4
32 108 2
32 112 1
32 114 1
32 115 1
32 116 1
32 120 1
32 122 1
32 123 2
32 124 1
32 127 1
32 129 1
32 131 3
32 132 1
32 133 1
32 134 1
32 136 1
32 137 1
32 138 1
32 139 1
32 141 1
32 142 4
32 144 1
32 145 1
32 148 1
32 149 2
32 150 2
32 151 1
32 152 1
32 154 1
32 155 1
32 159 1
32 160 1
32 162 1
32 164 2
32 165 1
32 166 1
32 168 1
32 169 1
32 171 3
32 172 1
32 173 1
32 174 2
32 175 1
32 178 1
32 180 1
32 182 1
32 183 2
32 185 3
32 188 3
32 189 1
32 190 2
32 191 1
32 193 1
32 194 1
32 197 2
32 198 1
32 199 1
33 101 1
33 102 1
33 103 2
33 104 1
33 105 2
33 106 1
33 107 2
33 108 1
33 113 1
33 114 1
33 117 1
33 119 2
33 120 1
33 121 1
33 122 1
33 123 1
33 126 1
33 127 1
33 128 1
33 130 1
33 132 2
33 134 3
33 136 1
33 137 1
33 140 1
33 146 1
33 148 2
33 149 1
33 151 1
33 152 1
33 158 2
33 159 1
33 160 1
33 161 1
33 163 1
33 164 4
33 166 1
33 168 3
33 169 1
33 170 1
33 172 2
33 173 2
33 174 3
33 176 1
33 177 4
33 180 2
33 183 3
33 184 1
33 185 1
33 186 2
33 187 2
33 189 1
33 190 1
33 191 6
33 192 3
33 194 1
33 196 1
33 198 3
34 101 3
34 104 3
34 105 1
34 107 2
34 109 3
34 110 1
34 111 1
34 112 2
34 115 4
34 116 3
34 117 2
34 118 1
34 129 1
34 130 4
34 131 5
34 133 2
34 136 7
34 141 1
34 143 1
34 146 2
34 148 1
34 149 2
34 154 1
34 155 2
34 156 2
34 157 1
34 162 1
34 163 1
34 164 1
34 166 4
34 169 2
34 170 1
34 171 1
34 173 1
34 174 1
34 178 1
34 180 5
34 182 1
34 183 1
34 184 1
34 185 1
34 186 1
34 188 3
34 189 2
34 190 2
34 191 1
34 193 4
34 197 1
34 198 3
35 101 1
35 107 1
35 109 1
35 113 1
35 114 3
35 116 3
35 119 1
35 120 1
35 122 3
35 123 1
35 124 2
35 125 1
35 126 1
35 132 1
35 133 1
35 134 1
35 139 2
35 140 1
35 141 1
35 142 1
35 143 4
35 145 2
35 148 1
35 152 1
35 154 1
35 155 1
35 156 1
35 157 1
35 160 2
35 161 1
35 162 1
35 163 1
35 165 1
35 168 7
35 169 2
35 171 1
35 173 3
35 174 1
35 175 1
35 176 5
35 177 1
35 178 2
35 179 2
35 180 1
35 182 2
35 183 3
35 185 1
35 186 1
35 188 1
35 189 1
35 190 5
35 191 1
35 193 1
35 194 1
35 195 1
35 196 1
35 197 1
35 198 1
35 199 2
36 101 2
36 102 1
36 103 2
36 104 1
36 105 1
36 106 1
36 107 3
36 110 1
36 111 1
36 112 1
36 113 2
36 115 2
36 116 1
36 117 1
36 118 2
36 119 1
36 122 2
36 123 2
36 126 1
36 127 2
36 129 1
36 131 1
36 132 2
36 133 1
36 142 3
36 143 2
36 144 2
36 145 1
36 147 1
36 148 3
36 149 1
36 150 1
36 151 1
36 152 1
36 153 3
36 156 2
36 157 1
36 161 2
36 163 1
36 164 1
36 165 1
36 166 1
36 167 1
36 168 1
36 169 2
36 171 2
36 172 1
36 175 2
36 176 1
36 179 1
36 180 1
36 182 1
36 185 1
36 187 1
36 190 1
36 191 1
36 192 3
36 193 1
36 194 2
36 195 2
36 196 1
36 197 1
36 198 1
36 199 1
36 200 2
37 103 1
37 104 1
37 105 1
37 106 1
37 108 1
37 109 2
37 111 4
37 112 2
37 114 2
37 117 1
37 123 1
37 125 3
37 126 1
37 128 1
37 131 1
37 132 2
37 133 2
37 134 1
37 141 3
37 144 1
37 145 1
37 151 1
37 154 1
37 155 2
37 156 1
37 157 1
37 159 2
37 164 4
37 167 1
37 168 2
37 171 1
37 172 4
37 173 1
37 175 5
37 176 3
37 177 1
37 180 4
37 184 1
37 187 1
37 191 1
37 192 1
37 193 2
37 195 5
37 196 1
37 198 2
37 199 1
38 101 2
38 103 4
38 106 1
38 108 1
38 109 1
38 113 1
38 115 4
38 116 1
38 117 1
38 118 1
38 119 1
38 121 3
38 122 6
38 125 1
38 126 1
38 127 1
38 129 1
38 132 1
38 135 1
38 136 1
38 138 3
38 139 3
38 140 1
38 141 2
38 142 2
38 143 3
38 146 3
38 149 1
38 150 1
38 151 1
38 152 1
38 153 1
38 154 1
38 155 2
38 158 1
38 159 1
38 160 2
38 162 3
38 164 6
38 165 3
38 167 1
38 169 1
38 172 1
38 174 3
38 175 2
38 176 2
38 177 5
38 180 2
38 181 1
38 183 2
38 185 1
38 187 1
38 189 3
38 190 1
38 191 1
38 192 1
38 193 1
38 194 2
38 196 4
38 197 1
38 198 2
38 199 1
38 200 1
39 101 1
39 102 1
39 105 4
39 106 1
39 110 2
39 112 2
39 113 3
39 114 1
39 115 3
39 121 2
39 122 1
39 124 2
39 130 1
39 132 2
39 136 2
39 137 1
39 141 1
39 143 1
39 144 1
39 147 1
39 151 1
39 152 6
39 153 2
39 155 2
39 158 1
39 160 2
39 162 2
39 164 2
39 165 1
39 166 5
39 167 1
39 168 1
39 169 1
39 174 2
39 175 2
39 176 1
39 177 1
39 180 1
39 182 1
39 184 1
39 186 1
39 187 2
39 188 1
39 191 1
39 194 1
39 195 1
39 199 2
39 200 1
40 101 1
40 103 1
40 105 1
40 106 1
40 109 1
40 110 2
40 111 1
40 113 1
40 114 3
40 116 1
40 118 1
40 119 1
40 122 1
40 124 1
40 127 1
40 128 1
40 130 1
40 132 2
40 134 1
40 135 3
40 139 3
40 140 4
40 142 1
40 146 1
40 147 1
40 149 1
40 152 1
40 153 2
40 154 1
40 156 2
40 157 1
40 159 1
40 161 1
40 162 1
40 165 3
40 166 6
40 172 1
40 173 1
40 175 3
40 176 1
40 177 4
40 180 2
40 182 1
40 186 2
40 193 1
40 194 3
40 196 2
40 198 2
41 101 1
41 102 1
41 105 3
41 107 1
41 108 1
41 110 2
41 111 1
41 112 1
41 113 2
41 118 1
41 119 1
41 120 1
41 123 4
41 126 1
41 127 1
41 130 6
41 131 1
41 132 1
41 135 3
41 136 6
41 139 1
41 140 6
41 141 1
41 142 1
41 146 1
41 150 2
41 152 1
41 154 1
41 155 1
41 156 1
41 157 1
41 158 2
41 159 1
41 160 2
41 162 1
41 164 1
41 165 2
41 166 1
41 168 1
41 170 3
41 173 2
41 174 1
41 175 1
41 176 2
41 178 1
41 179 2
41 183 1
41 185 1
41 188 1
41 189 3
41 190 1
41 191 1
41 192 2
41 194 2
41 196 1
41 197 1
41 198 1
41 200 1
42 101 1
42 102 3
42 103 1
42 104 2
42 105 1
42 106 2
42 108 1
42 109 1
42 111 1
42 112 2
42 116 1
42 117 1
42 118 1
42 119 3
42 120 2
42 121 2
42 123 1
42 124 1
42 125 3
42 127 1
42 128 2
42 129 4
42 131 3
42 132 4
42 133 2
42 135 2
42 136 3
42 137 4
42 138 1
42 139 2
42 140 2
42 142 3
42 143 2
42 144 2
42 145 1
42 146 1
42 148 2
42 152 1
42 154 1
42 155 1
42 156 1
42 158 4
42 160 3
42 163 3
42 165 2
42 166 2
42 171 1
42 172 1
42 174 3
42 175 1
42 178 1
42 181 3
42 183 1
42 186 3
42 187 1
42 190 4
42 191 3
42 192 2
42 193 2
42 195 1
42 199 1
42 200 3
43 101 2
43 103 2
43 105 2
43 107 1
43 109 1
43 111 1
43 112 1
43 115 1
43 116 1
43 117 1
43 118 1
43 119 1
43 120 2
43 121 1
43 122 1
43 128 1
43 129 2
43 133 2
43 134 1
43 136 1
43 137 1
43 139 1
43 140 1
43 141 1
43 144 1
43 145 1
43 147 1
43 150 2
43 151 1
43 152 1
43 157 1
43 158 1
43 162 1
43 164 2
43 165 1
43 167 1
43 168 1
43 169 1
43 170 1
43 171 1
43 172 1
43 175 1
43 176 2
43 180 3
43 181 1
43 183 1
43 186 2
43 189 2
43 190 1
43 192 8
43 193 4
43 196 1
43 197 1
43 198 5
43 200 1
44 103 2
44 104 2
44 106 3
44 107 1
44 108 1
44 111 1
44 120 3
44 121 2
44 122 1
44 125 1
44 127 1
44 131 1
44 132 1
44 133 1
44 134 4
44 135 1
44 137 2
44 139 2
44 145 2
44 146 1
44 148 1
44 150 4
44 151 2
44 152 1
44 156 1
44 158 2
44 161 3
44 162 1
44 163 1
44 164 1
44 165 1
44 169 1
44 171 2
44 172 2
44 173 1
44 175 1
44 176 3
44 177 1
44 179 1
44 180 1
44 184 1
44 186 1
44 187 1
44 188 5
44 190 1
44 191 1
44 192 1
44 194 1
44 195 1
44 196 3
44 197 4
44 198 2
45 101 1
45 105 1
45 106 2
45 108 1
45 111 3
45 112 1
45 113 3
45 114 1
45 115 1
45 120 2
45 121 2
45 122 1
45 123 1
45 124 1
45 127 4
45 128 1
45 129 1
45 131 1
45 133 2
45 136 2
45 137 1
45 138 1
45 140 1
45 141 1
45 143 3
45 144 1
45 145 3
45 146 1
45 147 2
45 148 1
45 149 2
45 152 1
45 153 1
45 155 1
45 157 1
45 160 2
45 162 1
45 164 1
45 165 3
45 169 1
45 171 1
45 172 1
45 174 5
45 175 1
45 176 1
45 178 1
45 179 1
45 180 1
45 184 1
45 185 3
45 187 2
45 189 1
45 193 1
45 194 1
45 195 1
45 196 1
45 197 1
45 198 2
45 199 3
45 200 3
46 102 3
46 106 2
46 107 2
46 109 1
46 111 2
46 112 1
46 116 2
46 119 1
46 120 1
46 121 2
46 122 1
46 123 1
46 124 2
46 125 1
46 126 3
46 127 1
46 128 4
46 129 1
46 130 3
46 131 1
46 132 1
46 133 1
46 134 7
46 135 4
46 137 1
46 138 1
46 139 1
46 140 1
46 142 2
46 143 2
46 144 2
46 145 1
46 146 2
46 148 3
46 150 1
46 151 2
46 152 1
46 153 4
46 156 1
46 157 1
46 159 1
46 160 1
46 162 1
46 165 2
46 166 1
46 167 1
46 168 1
46 171 4
46 172 1
46 173 1
46 177 1
46 178 2
46 179 1
46 181 1
46 182 3
46 183 1
46 184 1
46 187 1
46 188 1
46 190 1
46 193 1
46 194 1
46 195 2
46 199 1
46 200 1
47 101 2
47 102 6
47 103 1
47 107 2
47 110 6
47 111 6
47 112 1
47 113 1
47 114 1
47 116 1
47 117 1
47 118 1
47 120 3
47 122 1
47 123 2
47 126 1
47 129 2
47 131 1
47 132 1
47 133 1
47 134 1
47 136 3
47 138 2
47 142 1
47 143 1
47 147 1
47 150 1
47 151 1
47 155 1
47 157 1
47 158 2
47 159 2
47 160 3
47 161 2
47 164 5
47 165 1
47 168 2
47 169 1
47 171 3
47 172 1
47 173 1
47 174 1
47 175 3
47 176 1
47 180 2
47 181 4
47 182 1
47 185 1
47 186 1
47 187 1
47 188 1
47 190 2
47 191 1
47 194 3
47 195 1
47 196 1
47 197 1
47 200 2
48 103 2
48 106 1
48 108 2
48 109 1
48 110 1
48 112 1
48 113 2
48 114 3
48 116 2
48 118 2
48 119 3
48 121 1
48 123 2
48 126 3
48 127 1
48 132 2
48 133 4
48 135 2
48 136 1
48 137 1
48 138 1
48 142 1
48 144 1
48 145 1
48 146 2
48 147 1
48 148 1
48 149 2
48 150 4
48 153 1
48 154 1
48 155 1
48 156 1
48 157 1
48 158 2
48 160 1
48 161 2
48 164 2
48 165 1
48 167 1
48 170 2
48 172 3
48 176 3
48 177 1
48 180 6
48 185 1
48 188 1
48 189 1
48 193 2
48 194 1
48 195 7
48 196 1
48 197 1
48 199 2
48 200 2
49 103 1
49 104 2
49 105 1
49 106 3
49 107 1
49 109 4
49 112 1
49 114 1
49 117 1
49 122 1
49 123 1
49 124 4
49 126 1
49 127 1
49 129 1
49 130 1
49 133 1
49 134 2
49 136 1
49 138 3
49 139 2
49 140 1
49 141 1
49 142 1
49 143 1
49 145 1
49 147 1
49 148 1
49 149 2
49 154 1
49 155 1
49 156 2
49 157 1
49 159 1
49 162 1
49 163 1
49 164 1
49 167 1
49 168 1
49 172 1
49 173 2
49 174 1
49 175 1
49 177 1
49 178 1
49 179 1
49 181 3
49 182 1
49 183 2
49 185 1
49 187 2
49 188 1
49 190 2
49 191 2
49 192 2
49 194 2
49 195 1
49 196 1
49 198 1
50 101 1
50 105 1
50 106 1
50 107 2
50 108 1
50 110 1
50 112 1
50 115 1
50 116 1
50 117 1
50 120 2
50 122 2
50 125 1
50 126 2
50 127 3
50 131 1
50 132 2
50 134 3
50 139 3
50 144 2
50 145 1
50 146 6
50 147 1
50 148 1
50 149 1
50 150 1
50 151 1
50 153 1
50 155 1
50 157 2
50 158 3
50 160 1
50 161 1
50 162 2
50 167 2
50 172 1
50 173 1
50 176 1
50 177 4
50 180 2
50 181 1
50 182 1
50 184 1
50 186 4
50 187 1
50 188 2
50 189 1
50 190 2
50 193 4
50 195 1
50 199 1
51 101 7
51 102 2
51 103 1
51 104 2
51 105 1
51 107 2
51 108 3
51 109 2
51 110 1
51 111 2
51 112 1
51 114 1
51 115 1
51 116 1
51 119 4
51 121 1
51 122 3
51 123 2
51 124 1
51 126 1
51 129 1
51 130 6
51 133 1
51 134 2
51 136 2
51 139 1
51 142 2
51 146 2
51 148 2
51 149 1
51 151 2
51 152 2
51 153 1
51 155 1
51 156 1
51 158 1
51 159 2
51 163 1
51 166 1
51 168 1
51 169 1
51 170 1
51 171 1
51 172 1
51 174 2
51 175 1
51 182 2
51 183 2
51 184 1
51 186 1
51 187 1
51 188 1
51 189 1
51 190 3
51 191 1
51 194 1
51 195 1
51 200 1
52 102 1
52 103 1
52 105 2
52 106 1
52 107 3
52 108 1
52 109 1
52 111 4
52 112 4
52 113 1
52 114 1
52 117 3
52 119 2
52 121 1
52 123 1
52 124 1
52 125 2
52 126 1
52 128 1
52 129 1
52 134 1
52 135 1
52 136 3
52 137 1
52 141 2
52 142 2
52 143 2
52 144 2
52 145 2
52 147 1
52 148 1
52 151 2
52 152 2
52 153 2
52 154 4
52 155 1
52 156 1
52 158 3
52 159 1
52 163 1
52 164 1
52 166 1
52 168 2
52 175 1
52 176 2
52 177 2
52 178 1
52 181 2
52 182 1
52 184 2
52 187 2
52 188 1
52 189 2
52 190 2
52 192 1
52 193 2
52 195 1
52 196 2
52 199 3
53 101 1
53 103 4
53 104 1
53 107 1
53 108 1
53 109 1
53 111 1
53 112 1
53 115 1
53 117 3
53 119 2
53 121 1
53 123 8
53 126 1
53 128 1
53 133 1
53 135 1
53 143 2
53 145 1
53 147 1
53 149 2
53 151 2
53 152 2
53 155 2
53 156 2
53 159 1
53 161 1
53 163 2
53 167 1
53 168 1
53 170 1
53 172 2
53 174 1
53 175 2
53 179 4
53 180 1
53 181 1
53 184 1
53 189 2
53 191 3
53 192 1
53 193 1
53 194 1
53 198 1
53 199 5
54 105 1
54 107 2
54 108 3
54 115 1
54 116 1
54 117 1
54 120 3
54 121 3
54 122 6
54 123 2
54 124 1
54 125 1
54 128 1
54 130 1
54 131 3
54 133 1
54 134 1
54 135 1
54 137 1
54 138 1
54 139 1
54 142 1
54 143 1
54 144 2
54 145 2
54 146 4
54 147 1
54 149 1
54 151 2
54 153 2
54 154 1
54 155 1
54 156 1
54 158 1
54 159 1
54 161 2
54 164 1
54 165 1
54 166 1
54 169 1
54 171 1
54 172 1
54 173 2
54 175 2
54 179 1
54 180 2
54 182 1
54 183 1
54 187 1
54 190 1
54 192 2
54 193 1
54 195 2
54 199 2
55 103 1
55 104 1
55 105 2
55 107 3
55 109 2
55 110 3
55 117 1
55 119 1
55 120 1
55 121 1
55 122 1
55 123 1
55 124 1
55 126 1
55 129 2
55 131 2
55 132 2
55 135 1
55 138 1
55 139 1
55 140 2
55 141 1
55 142 2
55 144 1
55 147 1
55 149 1
55 155 1
55 157 2
55 159 2
55 161 2
55 164 1
55 165 2
55 167 1
55 168 1
55 170 1
55 171 3
55 172 1
55 173 1
55 175 1
55 180 4
55 181 1
55 184 2
55 185 1
55 189 1
55 190 1
55 193 1
55 194 1
55 196 1
55 197 1
55 198 1
55 199 1
56 101 2
56 104 1
56 106 3
56 108 3
56 109 3
56 110 1
56 112 1
56 113 2
56 118 3
56 119 1
56 123 1
56 124 2
56 125 1
56 126 3
56 127 1
56 129 1
56 130 2
56 131 1
56 133 1
56 140 1
56 142 2
56 144 1
56 145 1
56 147 2
56 148 1
56 150 1
56 154 1
56 155 2
56 156 2
56 158 1
56 159 1
56 163 1
56 167 2
56 168 1
56 169 1
56 170 1
56 171 1
56 176 2
56 178 3
56 179 1
56 182 1
56 183 2
56 185 2
56 186 1
56 187 4
56 189 1
56 193 2
56 195 1
56 196 2
57 101 1
57 102 1
57 103 1
57 104 1
57 105 1
57 107 2
57 108 1
57 109 1
57 110 2
57 112 1
57 113 2
57 114 2
57 118 2
57 119 2
57 120 1
57 122 1
57 123 2
57 126 1
57 127 1
57 130 3
57 134 1
57 135 1
57 136 1
57 140 1
57 141 1
57 142 1
57 143 4
57 144 3
57 145 2
57 148 1
57 149 1
57 152 1
57 153 1
57 154 1
57 156 1
57 157 1
57 158 2
57 159 2
57 161 4
57 162 3
57 163 1
57 164 3
57 166 1
57 169 1
57 170 2
57 173 1
57 174 3
57 175 1
57 176 1
57 178 2
57 179 1
57 180 1
57 184 2
57 186 2
57 193 1
57 195 1
57 196 1
57 197 1
57 198 1
57 200 1
58 102 1
58 103 1
58 104 1
58 106 1
58 107 2
58 109 2
58 110 1
58 113 1
58 114 1
58 115 3
58 116 1
58 117 1
58 121 1
58 123 2
58 124 2
58 127 1
58 132 1
58 136 2
58 137 2
58 138 3
58 139 1
58 141 1
58 142 1
58 144 1
58 148 1
58 149 1
58 150 1
58 154 1
58 155 3
58 157 1
58 158 1
58 161 1
58 162 1
58 164 4
58 165 2
58 166 1
58 168 1
58 169 1
58 170 1
58 174 3
58 176 4
58 177 2
58 178 1
58 179 1
58 180 1
58 183 1
58 184 1
58 187 1
58 188 3
58 192 1
58 193 1
58 194 1
58 195 2
58 198 2
58 199 2
59 101 2
59 103 1
59 104 2
59 105 1
59 107 2
59 108 2
59 109 1
59 111 1
59 113 3
59 116 1
59 118 1
59 119 1
59 120 1
59 122 1
59 123 1
59 125 3
59 126 1
59 130 2
59 131 3
59 132 1
59 133 1
59 135 1
59 136 1
59 138 1
59 142 1
59 145 2
59 147 1
59 149 1
59 150 4
59 151 1
59 154 1
59 159 1
59 160 1
59 161 3
59 162 1
59 164 1
59 167 1
59 168 1
59 170 1
59 172 1
59 176 3
59 178 1
59 180 3
59 181 3
59 182 2
59 183 1
59 186 1
59 187 2
59 188 2
59 189 1
59 191 1
59 192 1
59 193 1
59 194 1
59 197 1
59 198 1
59 200 2
60 101 6
60 102 1
60 103 3
60 104 1
60 108 1
60 110 2
60 111 1
60 113 1
60 114 8
60 115 2
60 118 1
60 123 1
60 124 1
60 126 1
60 127 1
60 129 1
60 133 1
60 134 1
60 136 3
60 137 1
60 139 1
60 140 1
60 143 1
60 144 1
60 146 2
60 147 3
60 151 2
60 152 1
60 156 1
60 157 2
60 159 1
60 160 1
60 161 1
60 162 1
60 163 2
60 164 1
60 165 1
60 166 3
60 169 1
60 170 3
60 171 1
60 172 2
60 173 3
60 179 1
60 180 1
60 181 1
60 184 3
60 185 3
60 186 2
60 188 2
60 189 3
60 190 1
60 193 1
60 197 1
60 198 4
60 200 1
61 101 1
61 102 1
61 104 1
61 109 1
61 111 1
61 113 1
61 114 1
61 115 1
61 119 2
61 120 1
61 124 1
61 126 1
61 127 1
61 128 1
61 133 3
61 135 1
61 136 2
61 137 1
61 138 1
61 139 4
61 140 3
61 143 3
61 146 1
61 147 1
61 148 1
61 149 1
61 152 1
61 153 1
61 154 2
61 155 1
61 156 1
61 157 1
61 159 1
61 161 2
61 162 3
61 163 4
61 164 1
61 165 2
61 167 1
61 168 1
61 170 1
61 172 1
61 177 2
61 178 2
61 179 1
61 180 1
61 182 1
61 183 1
61 184 4
61 189 1
61 190 3
61 191 1
61 192 1
61 193 1
61 195 2
61 196 1
61 200 4
62 104 2
62 106 1
62 112 3
62 113 2
62 115 1
62 117 2
62 119 2
62 122 2
62 123 1
62 125 1
62 126 1
62 127 1
62 128 1
62 132 1
62 133 1
62 134 3
62 136 1
62 137 1
62 138 1
62 141 1
62 144 2
62 145 1
62 150 1
62 151 1
62 152 1
62 154 3
62 159 2
62 160 3
62 163 2
62 166 3
62 170 3
62 171 2
62 173 3
62 175 1
62 177 1
62 178 1
62 179 1
62 180 2
62 183 1
62 184 1
62 185 1
62 186 1
62 187 1
62 189 4
62 191 1
62 192 4
62 193 2
62 194 1
62 195 1
62 196 1
62 198 2
62 199 1
62 200 1
63 103 1
63 104 1
63 106 1
63 107 1
63 109 2
63 112 1
63 113 2
63 114 4
63 116 2
63 117 3
63 119 2
63 124 1
63 125 2
63 126 1
63 127 1
63 128 1
63 129 1
63 130 2
63 132 1
63 133 2
63 136 1
63 137 1
63 138 1
63 139 8
63 140 1
63 141 2
63 142 2
63 145 2
63 150 1
63 151 3
63 154 3
63 155 1
63 157 1
63 158 2
63 159 1
63 160 3
63 163 1
63 168 1
63 173 1
63 174 4
63 178 2
63 179 2
63 181 1
63 184 3
63 186 1
63 189 1
63 190 2
63 193 2
63 194 1
63 195 1
63 198 1
63 199 1
63 200 1
64 102 1
64 103 1
64 105 1
64 106 1
64 108 2
64 109 1
64 110 2
64 111 2
64 117 2
64 118 1
64 119 2
64 120 1
64 123 1
64 126 2
64 129 1
64 130 1
64 132 2
64 134 1
64 135 2
64 137 1
64 138 2
64 139 1
64 142 2
64 144 1
64 145 3
64 146 5
64 149 1
64 150 1
64 153 3
64 154 1
64 155 1
64 156 1
64 158 1
64 161 1
64 162 1
64 164 1
64 165 2
64 169 1
64 170 3
64 173 1
64 174 1
64 177 1
64 178 1
64 179 1
64 182 1
64 184 2
64 185 2
64 186 2
64 188 1
64 189 3
64 190 2
64 195 1
64 196 2
65 101 2
65 103 2
65 104 2
65 105 2
65 108 2
65 110 1
65 111 3
65 113 1
65 116 1
65 118 1
65 120 1
65 125 1
65 127 3
65 131 3
65 133 1
65 134 1
65 136 1
65 137 1
65 138 2
65 139 1
65 140 1
65 142 1
65 143 1
65 144 2
65 146 1
65 147 1
65 148 2
65 149 1
65 150 1
65 151 1
65 152 1
65 158 1
65 161 4
65 162 1
65 163 1
65 165 3
65 166 1
65 167 1
65 168 1
65 169 3
65 171 1
65 172 1
65 173 2
65 175 3
65 176 2
65 180 1
65 181 2
65 183 4
65 185 1
65 187 5
65 188 1
65 189 3
65 192 1
65 197 3
65 199 1
66 101 2
66 104 2
66 105 2
66 108 1
66 109 1
66 110 2
66 113 1
66 114 1
66 117 1
66 118 1
66 119 1
66 121 2
66 123 1
66 125 1
66 126 1
66 128 3
66 130 5
66 134 2
66 135 2
66 136 1
66 140 1
66 142 4
66 143 2
66 145 1
66 146 1
66 147 1
66 148 1
66 149 1
66 154 3
66 160 2
66 161 1
66 163 1
66 165 3
66 168 1
66 169 3
66 173 1
66 175 1
66 179 3
66 180 1
66 182 1
66 183 3
66 186 1
66 190 1
66 191 1
66 195 3
66 196 5
66 197 1
67 101 2
67 103 3
67 110 5
67 111 1
67 112 1
67 113 1
67 116 1
67 117 1
67 118 2
67 119 1
67 122 1
67 124 3
67 125 3
67 126 1
67 127 1
67 130 1
67 133 2
67 134 2
67 135 1
67 139 2
67 142 3
67 144 2
67 149 2
67 152 5
67 155 1
67 160 1
67 163 1
67 164 1
67 165 2
67 166 2
67 167 2
67 169 1
67 172 1
67 175 1
67 177 3
67 178 2
67 179 2
67 182 1
67 183 1
67 184 1
67 188 1
67 190 1
67 191 1
67 192 2
67 195 2
67 197 1
67 198 1
68 101 1
68 102 4
68 103 4
68 104 1
68 106 1
68 108 2
68 113 4
68 114 1
68 115 1
68 119 1
68 120 1
68 121 6
68 122 3
68 123 1
68 124 2
68 128 1
68 129 2
68 132 1
68 133 1
68 135 1
68 136 1
68 137 2
68 138 1
68 139 1
68 140 2
68 143 1
68 149 2
68 150 1
68 151 1
68 152 2
68 154 2
68 155 2
68 157 5
68 158 1
68 160 2
68 161 3
68 165 3
68 169 2
68 171 1
68 172 2
68 174 2
68 175 3
68 176 2
68 179 1
68 180 1
68 182 1
68 183 2
68 184 1
68 185 2
68 186 1
68 188 1
68 189 1
68 190 2
68 191 1
68 192 1
68 194 2
68 196 1
68 197 1
68 199 1
69 102 1
69 103 2
69 105 2
69 107 3
69 108 1
69 109 1
69 110 1
69 111 4
69 112 1
69 113 2
69 114 2
69 116 1
69 117 1
69 120 1
69 122 2
69 124 1
69 125 1
69 127 2
69 128 1
69 129 1
69 130 1
69 132 1
69 134 2
69 136 1
69 139 1
69 144 2
69 146 2
69 147 3
69 148 1
69 151 2
69 153 2
69 154 1
69 156 2
69 157 1
69 158 2
69 159 2
69 160 1
69 161 1
69 164 1
69 166 1
69 167 1
69 168 1
69 172 1
69 173 1
69 174 1
69 175 2
69 177 3
69 178 2
69 179 2
69 180 1
69 181 1
69 182 4
69 184 7
69 185 1
69 187 1
69 188 4
69 190 1
69 191 2
69 192 1
69 194 4
69 196 3
70 101 1
70 102 1
70 103 1
70 104 1
70 105 1
70 107 1
70 109 1
70 112 1
70 114 3
70 118 2
70 119 1
70 120 1
70 123 1
70 126 2
70 131 1
70 133 1
70 134 1
70 135 2
70 136 1
70 138 3
70 139 1
70 140 1
70 141 1
70 143 1
70 144 1
70 147 1
70 149 1
70 150 1
70 151 1
70 154 1
70 156 3
70 157 1
70 161 1
70 163 1
70 164 2
70 165 4
70 166 1
70 167 1
70 169 1
70 170 1
70 172 2
70 173 4
70 175 1
70 178 1
70 180 1
70 181 1
70 183 1
70 184 2
70 185 1
70 186 1
70 187 1
70 188 2
70 191 1
70 192 1
70 194 1
70 197 1
70 198 2
71 101 1
71 103 1
71 105 1
71 109 1
71 110 2
71 112 1
71 114 1
71 115 1
71 117 1
71 120 1
71 121 1
71 123 4
71 124 1
71 125 1
71 126 4
71 127 1
71 129 1
71 130 1
71 131 1
71 133 1
71 135 1
71 137 2
71 138 2
71 139 1
71 140 2
71 142 1
71 143 1
71 144 1
71 145 3
71 147 1
71 150 1
71 152 2
71 154 1
71 157 2
71 159 2
71 161 1
71 162 1
71 163 1
71 165 1
71 167 4
71 169 1
71 172 1
71 174 2
71 175 2
71 176 3
71 177 1
71 178 1
71 180 1
71 181 2
71 182 2
71 183 2
71 184 1
71 187 2
71 188 5
71 189 3
71 192 1
71 193 2
71 194 2
71 195 1
71 196 1
71 198 1
71 200 1
72 101 1
72 102 2
72 107 1
72 109 2
72 110 1
72 113 2
72 114 1
72 115 1
72 116 1
72 118 1
72 120 1
72 121 1
72 122 2
72 123 1
72 124 1
72 128 1
72 132 2
72 133 1
72 135 1
72 136 1
72 139 1
72 141 1
72 142 3
72 143 1
72 145 3
72 147 2
72 148 1
72 152 1
72 156 2
72 157 2
72 161 1
72 162 1
72 163 1
72 164 2
72 165 2
72 166 1
72 167 1
72 168 1
72 169 1
72 170 2
72 171 1
72 172 1
72 173 2
72 176 2
72 178 1
72 179 1
72 182 1
72 183 2
72 185 2
72 186 2
72 187 1
72 189 1
72 191 3
72 193 1
72 195 1
72 196 1
72 197 1
72 198 1
73 101 1
73 104 2
73 105 3
73 106 1
73 108 1
73 111 2
73 113 1
73 114 1
73 115 1
73 116 2
73 118 4
73 119 2
73 120 1
73 121 1
73 122 4
73 126 2
73 127 1
73 128 1
73 131 1
73 133 1
73 134 2
73 135 2
73 136 1
73 138 3
73 140 3
73 143 2
73 145 1
73 147 1
73 148 1
73 149 1
73 150 1
73 153 4
73 155 3
73 158 1
73 159 2
73 160 1
73 161 2
73 165 1
73 167 1
73 169 4
73 170 1
73 171 3
73 172 6
73 173 2
73 174 2
73 178 1
73 180 2
73 181 1
73 186 1
73 187 1
73 188 2
73 195 1
73 196 1
73 199 3
74 101 1
74 102 1
74 103 1
74 104 1
74 105 1
74 106 3
74 108 1
74 109 1
74 118 1
74 122 1
74 123 1
74 126 1
74 127 1
74 128 2
74 129 1
74 130 1
74 133 1
74 135 1
74 137 1
74 138 1
74 141 2
74 145 1
74 146 2
74 147 1
74 150 1
74 151 4
74 152 1
74 154 2
74 155 2
74 157 1
74 160 1
74 162 1
74 164 2
74 167 1
74 169 1
74 173 1
74 174 1
74 175 1
74 180 1
74 183 1
74 184 1
74 190 3
74 191 1
74 192 3
74 194 1
74 195 1
74 196 1
74 197 2
74 198 2
74 199 1
74 200 2
75 101 1
75 102 3
75 105 2
75 106 1
75 108 7
75 109 1
75 110 2
75 111 1
75 114 1
75 115 4
75 117 3
75 120 2
75 121 2
75 125 2
75 126 1
75 128 1
75 130 3
75 131 1
75 132 1
75 133 1
75 134 2
75 137 1
75 140 1
75 141 2
75 142 2
75 149 3
75 150 1
75 151 1
75 153 1
75 154 2
75 158 5
75 159 1
75 160 1
75 161 5
75 162 3
75 163 1
75 165 2
75 166 1
75 169 1
75 171 1
75 172 1
75 174 1
75 175 1
75 176 1
75 179 1
75 180 1
75 181 1
75 182 4
75 183 1
75 186 1
75 187 1
75 188 1
75 190 1
75 192 3
75 193 3
75 194 1
75 197 1
76 101 1
76 102 1
76 105 1
76 107 1
76 108 1
76 109 3
76 111 1
76 112 2
76 115 1
76 119 1
76 120 1
76 121 2
76 123 1
76 125 1
76 128 1
76 130 1
76 134 1
76 136 1
76 138 3
76 139 1
76 142 1
76 143 1
76 144 1
76 145 1
76 148 1
76 150 1
76 151 1
76 153 1
76 154 1
76 157 1
76 158 3
76 160 1
76 161 3
76 165 1
76 166 2
76 167 1
76 169 2
76 171 3
76 173 1
76 174 2
76 176 1
76 177 1
76 184 2
76 185 1
76 186 1
76 189 2
76 190 1
76 193 1
76 195 1
76 196 1
76 200 2
77 101 4
77 102 1
77 108 1
77 111 1
77 112 1
77 113 2
77 116 2
77 119 2
77 120 1
77 122 3
77 126 1
77 127 1
77 130 1
77 131 1
77 132 2
77 133 2
77 134 2
77 136 1
77 137 2
77 139 1
77 140 1
77 143 3
77 144 1
77 146 1
77 149 1
77 151 3
77 154 1
77 155 1
77 159 1
77 164 1
77 165 1
77 167 1
77 168 1
77 169 1
77 171 1
77 172 1
77 173 1
77 174 1
77 175 1
77 178 1
77 179 1
77 181 1
77 182 2
77 186 1
77 188 1
77 190 1
77 192 2
77 193 2
77 194 1
77 200 1
78 101 1
78 103 1
78 104 2
78 105 3
78 109 1
78 110 1
78 120 4
78 122 1
78 123 4
78 125 1
78 126 1
78 131 1
78 134 1
78 135 3
78 136 3
78 137 3
78 139 1
78 140 1
78 141 1
78 144 2
78 145 1
78 147 1
78 149 1
78 150 1
78 151 2
78 152 1
78 153 1
78 154 1
78 157 2
78 158 1
78 159 5
78 163 1
78 166 2
78 167 2
78 168 1
78 169 2
78 171 1
78 175 1
78 176 1
78 177 1
78 181 3
78 182 4
78 183 2
78 185 2
78 186 5
78 190 1
78 192 1
78 193 2
78 194 1
78 197 2
78 199 1
78 200 1
79 102 1
79 103 1
79 105 1
79 106 1
79 109 4
79 110 1
79 112 1
79 113 1
79 115 1
79 117 2
79 119 1
79 122 1
79 124 1
79 125 2
79 126 1
79 130 1
79 132 2
79 134 2
79 135 1
79 136 2
79 137 1
79 138 1
79 139 1
79 140 1
79 141 1
79 145 2
79 146 1
79 147 1
79 149 2
79 156 1
79 161 2
79 163 1
79 164 1
79 166 3
79 168 1
79 169 2
79 170 3
79 171 1
79 173 1
79 174 1
79 176 1
79 177 3
79 181 1
79 183 4
79 184 1
79 187 1
79 188 3
79 189 2
79 191 1
79 192 3
79 197 1
79 199 2
80 101 1
80 102 1
80 103 4
80 106 1
80 107 1
80 108 2
80 109 1
80 110 1
80 111 1
80 113 1
80 116 2
80 120 3
80 122 2
80 123 2
80 124 2
80 125 1
80 129 2
80 133 1
80 137 1
80 139 2
80 141 2
80 142 3
80 144 1
80 145 1
80 147 1
80 148 3
80 150 1
80 152 1
80 153 1
80 155 3
80 156 4
80 159 1
80 163 5
80 164 2
80 165 1
80 166 3
80 168 5
80 170 1
80 176 1
80 179 1
80 180 2
80 182 1
80 183 1
80 186 1
80 187 3
80 190 1
80 191 1
80 192 3
80 193 3
80 196 1
80 198 1
80 199 1
81 101 1
81 102 2
81 103 2
81 109 5
81 110 1
81 112 1
81 113 3
81 114 6
81 115 1
81 117 2
81 118 2
81 120 1
81 121 1
81 123 1
81 124 1
81 125 3
81 131 1
81 132 1
81 135 1
81 137 1
81 139 5
81 140 3
81 141 4
81 143 4
81 144 1
81 149 3
81 150 1
81 151 2
81 153 1
81 156 1
81 157 1
81 158 1
81 160 2
81 161 1
81 162 1
81 165 2
81 168 2
81 169 2
81 170 1
81 171 1
81 172 2
81 173 1
81 177 1
81 178 2
81 179 1
81 180 2
81 181 1
81 182 2
81 183 1
81 184 1
81 185 1
81 186 2
81 187 1
81 188 2
81 189 1
81 191 3
81 192 1
81 193 1
81 195 1
81 198 4
81 199 1
82 104 3
82 107 1
82 108 3
82 109 3
82 110 1
82 111 2
82 113 1
82 114 1
82 116 1
82 117 1
82 120 1
82 123 1
82 124 1
82 127 2
82 130 3
82 133 4
82 136 1
82 137 1
82 138 2
82 142 3
82 143 2
82 144 1
82 146 3
82 148 1
82 149 1
82 150 1
82 151 1
82 152 1
82 153 2
82 157 5
82 158 1
82 159 2
82 160 1
82 161 2
82 162 1
82 163 1
82 164 1
82 165 1
82 166 3
82 167 2
82 169 1
82 171 1
82 172 1
82 173 1
82 174 1
82 175 1
82 180 3
82 181 1
82 182 1
82 183 1
82 184 3
82 186 2
82 188 2
82 190 1
82 191 2
82 192 1
82 193 1
82 194 1
82 195 2
82 197 1
82 200 1
83 101 1
83 103 1
83 104 1
83 108 2
83 110 1
83 111 2
83 112 2
83 114 2
83 116 1
83 118 1
83 120 1
83 121 2
83 122 2
83 123 1
83 124 3
83 125 3
83 126 1
83 127 1
83 129 1
83 132 1
83 133 2
83 136 1
83 137 3
83 140 1
83 142 2
83 143 1
83 145 2
83 147 1
83 148 2
83 149 2
83 150 1
83 153 2
83 158 1
83 159 1
83 161 3
83 162 1
83 163 2
83 164 2
83 165 1
83 167 2
83 168 2
83 175 3
83 176 2
83 183 1
83 184 1
83 185 1
83 188 3
83 189 1
83 191 1
83 193 4
83 194 1
83 195 1
83 196 1
83 198 2
83 199 2
84 101 2
84 104 1
84 107 1
84 108 1
84 109 1
84 110 3
84 111 2
84 117 1
84 120 4
84 124 1
84 125 1
84 127 1
84 128 1
84 129 1
84 130 1
84 134 1
84 136 1
84 137 1
84 139 3
84 141 1
84 143 1
84 147 1
84 148 2
84 149 1
84 150 1
84 151 3
84 152 1
84 153 2
84 154 1
84 155 5
84 156 1
84 160 1
84 162 1
84 163 2
84 164 1
84 165 1
84 166 1
84 169 2
84 171 1
84 172 2
84 173 1
84 174 2
84 176 2
84 177 1
84 180 4
84 181 1
84 182 3
84 184 2
84 186 1
84 187 1
84 188 3
84 190 2
84 191 1
84 192 1
84 193 1
84 194 1
84 200 1
85 101 1
85 104 3
85 105 1
85 108 1
85 109 4
85 110 1
85 118 5
85 119 3
85 120 2
85 121 2
85 122 2
85 124 1
85 125 1
85 126 2
85 131 1
85 134 1
85 135 1
85 136 1
85 137 1
85 141 3
85 144 1
85 145 2
85 147 4
85 149 1
85 150 1
85 151 1
85 152 2
85 155 2
85 156 3
85 157 2
85 158 1
85 160 4
85 165 1
85 166 2
85 173 1
85 175 2
85 179 1
85 180 2
85 181 2
85 182 1
85 183 4
85 185 2
85 186 2
85 187 1
85 188 2
85 190 2
85 192 1
85 195 1
85 196 1
85 197 1
85 198 1
86 101 2
86 105 1
86 107 1
86 109 1
86 111 2
86 112 1
86 114 3
86 116 4
86 120 1
86 124 1
86 125 2
86 127 1
86 128 1
86 129 2
86 130 1
86 131 1
86 133 1
86 136 1
86 137 2
86 140 2
86 141 2
86 143 1
86 144 1
86 145 1
86 146 2
86 148 1
86 150 1
86 153 2
86 154 1
86 156 1
86 158 4
86 159 1
86 161 4
86 162 1
86 166 1
86 167 1
86 168 1
86 169 1
86 170 1
86 171 2
86 177 6
86 178 2
86 179 1
86 180 1
86 181 4
86 182 1
86 183 1
86 187 2
86 189 1
86 193 1
86 194 1
86 195 2
86 196 2
86 199 1
86 200 2
87 103 1
87 105 1
87 106 1
87 107 2
87 108 2
87 109 3
87 110 1
87 111 2
87 112 1
87 115 1
87 116 1
87 119 2
87 122 1
87 123 1
87 124 1
87 125 4
87 126 1
87 130 7
87 131 5
87 135 2
87 136 3
87 140 3
87 143 2
87 145 1
87 146 3
87 147 3
87 149 1
87 150 1
87 151 3
87 154 1
87 155 1
87 158 1
87 164 1
87 165 1
87 166 2
87 167 1
87 168 6
87 171 3
87 173 2
87 176 1
87 178 1
87 179 1
87 180 1
87 181 1
87 184 2
87 185 1
87 186 1
87 188 2
87 189 2
87 191 1
87 197 1
87 198 3
87 200 1
88 101 3
88 103 2
88 107 1
88 108 1
88 109 1
88 111 1
88 112 1
88 113 1
88 115 1
88 119 1
88 120 2
88 121 1
88 122 1
88 124 2
88 125 3
88 126 1
88 127 2
88 128 1
88 133 1
88 135 1
88 136 2
88 137 2
88 138 5
88 143 2
88 144 2
88 149 3
88 150 1
88 151 1
88 152 2
88 153 1
88 156 1
88 159 2
88 163 2
88 165 2
88 166 1
88 167 1
88 168 1
88 169 1
88 170 1
88 171 4
88 172 1
88 176 1
88 179 2
88 181 2
88 183 1
88 184 1
88 186 2
88 188 3
88 189 1
88 190 1
88 191 3
88 193 4
88 194 1
88 196 3
88 200 1
89 102 1
89 103 1
89 105 1
89 106 1
89 108 1
89 109 1
89 111 1
89 112 1
89 117 2
89 118 1
89 119 3
89 120 1
89 123 1
89 125 4
89 126 1
89 133 1
89 134 1
89 137 2
89 141 1
89 142 1
89 144 1
89 146 1
89 147 2
89 149 1
89 150 1
89 151 1
89 152 1
89 153 2
89 155 1
89 156 2
89 163 1
89 165 1
89 166 2
89 168 1
89 171 1
89 173 1
89 174 2
89 177 1
89 179 2
89 181 2
89 184 5
89 186 2
89 187 1
89 188 1
89 193 1
89 194 1
89 195 3
89 196 1
89 199 3
90 102 1
90 107 1
90 108 1
90 110 1
90 111 1
90 114 1
90 117 3
90 120 3
90 124 1
90 126 1
90 128 1
90 129 2
90 133 1
90 134 1
90 135 1
90 138 1
90 140 2
90 142 1
90 144 1
90 147 3
90 152 1
90 153 1
90 154 1
90 156 2
90 157 1
90 158 2
90 160 2
90 162 2
90 165 5
90 169 2
90 170 2
90 171 4
90 172 1
90 177 2
90 182 1
90 184 1
90 186 3
90 188 2
90 190 7
90 192 2
90 193 2
90 196 3
90 197 1
90 198 3
90 199 2
91 101 4
91 102 2
91 103 1
91 108 1
91 109 2
91 111 3
91 112 1
91 114 1
91 115 2
91 117 1
91 118 1
91 120 1
91 122 1
91 123 1
91 126 1
91 127 1
91 128 4
91 129 2
91 130 4
91 134 1
91 135 1
91 136 1
91 138 1
91 142 1
91 143 2
91 145 1
91 147 1
91 150 1
91 152 1
91 153 1
91 155 1
91 156 1
91 157 1
91 160 1
91 162 1
91 165 2
91 166 1
91 168 2
91 169 9
91 170 3
91 172 2
91 174 1
91 176 1
91 178 3
91 179 1
91 181 1
91 182 1
91 183 1
91 186 2
91 187 1
91 188 2
91 189 1
91 190 1
91 197 2
91 199 2
92 104 5
92 105 1
92 106 3
92 107 1
92 108 3
92 110 2
92 111 1
92 112 1
92 114 1
92 115 1
92 116 2
92 117 2
92 118 1
92 119 3
92 120 1
92 121 1
92 124 2
92 125 1
92 129 1
92 130 1
92 131 3
92 133 3
92 134 1
92 135 1
92 136 3
92 138 1
92 140 1
92 141 1
92 142 1
92 143 2
92 147 2
92 148 2
92 149 2
92 153 1
92 154 1
92 158 2
92 160 2
92 161 1
92 162 1
92 163 3
92 166 4
92 167 1
92 168 1
92 169 2
92 172 2
92 174 1
92 178 1
92 179 2
92 180 1
92 181 2
92 184 2
92 189 1
92 191 3
92 192 2
92 193 2
92 194 1
92 195 1
92 197 2
92 199 2
93 101 2
93 103 1
93 104 5
93 105 2
93 106 1
93 115 1
93 117 1
93 118 5
93 123 1
93 127 1
93 128 1
93 129 5
93 130 1
93 131 2
93 132 2
93 133 1
93 134 2
93 135 1
93 136 1
93 137 2
93 138 2
93 141 1
93 142 1
93 143 3
93 144 1
93 146 2
93 148 1
93 151 4
93 153 1
93 157 1
93 159 1
93 160 1
93 162 1
93 167 5
93 170 1
93 172 1
93 175 2
93 176 3
93 177 1
93 178 2
93 180 1
93 183 1
93 184 3
93 185 1
93 186 4
93 189 1
93 190 1
93 192 1
93 194 3
93 198 2
93 199 1
93 200 1
94 102 1
94 105 3
94 106 2
94 107 3
94 109 1
94 111 1
94 112 2
94 113 3
94 114 1
94 115 4
94 118 2
94 119 2
94 120 2
94 124 1
94 125 2
94 126 1
94 127 2
94 129 2
94 131 3
94 132 3
94 135 2
94 136 2
94 138 1
94 142 1
94 143 2
94 144 1
94 145 2
94 146 2
94 148 1
94 149 2
94 150 4
94 152 1
94 153 1
94 154 4
94 155 2
94 156 1
94 158 1
94 159 2
94 161 1
94 162 2
94 165 3
94 166 1
94 167 1
94 168 1
94 170 1
94 175 1
94 176 2
94 177 2
94 178 1
94 179 1
94 183 1
94 185 2
94 186 2
94 188 1
94 190 1
94 194 1
94 196 2
94 197 1
94 198 2
94 199 1
95 102 1
95 103 2
95 105 1
95 107 1
95 108 2
95 109 2
95 113 2
95 114 1
95 115 1
95 116 1
95 117 1
95 122 1
95 123 1
95 127 3
95 128 1
95 130 1
95 131 1
95 132 1
95 133 1
95 136 4
95 138 3
95 139 5
95 140 2
95 143 1
95 144 1
95 146 1
95 147 1
95 149 1
95 150 1
95 151 1
95 154 1
95 155 2
95 156 1
95 160 3
95 161 1
95 162 2
95 163 1
95 165 1
95 166 1
95 167 1
95 168 3
95 171 1
95 174 1
95 175 1
95 176 1
95 177 1
95 178 1
95 180 1
95 183 1
95 184 1
95 185 1
95 189 1
95 192 1
95 193 1
95 197 1
95 198 2
95 199 1
96 104 1
96 107 1
96 108 1
96 112 1
96 117 1
96 118 1
96 119 1
96 120 1
96 121 1
96 127 1
96 128 1
96 129 2
96 131 2
96 132 2
96 133 1
96 134 2
96 135 3
96 137 1
96 138 2
96 139 3
96 140 1
96 142 1
96 143 3
96 144 1
96 145 2
96 146 1
96 147 1
96 148 1
96 149 1
96 150 1
96 151 1
96 152 1
96 153 2
96 154 1
96 155 6
96 156 2
96 160 1
96 161 1
96 163 1
96 164 2
96 166 1
96 167 2
96 168 2
96 170 1
96 171 1
96 172 2
96 173 2
96 176 2
96 177 1
96 178 1
96 179 5
96 181 2
96 182 1
96 183 4
96 184 1
96 185 1
96 187 3
96 188 1
96 189 1
96 192 1
96 197 1
96 198 1
97 101 4
97 103 1
97 107 1
97 110 1
97 111 2
97 113 1
97 114 1
97 116 3
97 118 1
97 119 1
97 121 2
97 123 2
97 124 1
97 125 1
97 127 1
97 128 3
97 133 1
97 134 1
97 136 2
97 137 1
97 138 1
97 140 1
97 142 1
97 143 2
97 144 3
97 145 4
97 146 1
97 148 1
97 149 1
97 150 1
97 151 2
97 153 1
97 156 2
97 157 2
97 160 2
97 163 1
97 165 3
97 167 1
97 175 1
97 177 2
97 178 1
97 179 1
97 180 1
97 182 1
97 184 6
97 186 1
97 188 1
97 190 2
97 191 1
97 193 1
97 195 1
97 196 1
97 198 2
97 200 2
98 103 1
98 104 2
98 105 2
98 106 1
98 107 1
98 109 2
98 113 1
98 115 3
98 118 1
98 119 1
98 121 1
98 123 2
98 126 2
98 128 1
98 129 1
98 132 2
98 133 2
98 134 5
98 136 1
98 137 1
98 141 1
98 142 1
98 145 1
98 149 1
98 150 1
98 151 1
98 152 1
98 153 5
98 154 1
98 155 1
98 156 1
98 157 1
98 161 2
98 163 3
98 164 1
98 166 2
98 167 1
98 168 1
98 169 1
98 171 1
98 173 1
98 174 1
98 176 1
98 178 1
98 181 1
98 182 1
98 183 2
98 187 1
98 189 2
98 192 1
98 193 1
98 194 1
98 195 1
98 200 1
99 103 1
99 105 1
99 106 1
99 109 2
99 111 1
99 113 1
99 115 2
99 116 1
99 117 1
99 119 1
99 123 1
99 125 1
99 128 2
99 129 2
99 130 7
99 135 1
99 137 1
99 138 1
99 140 2
99 141 2
99 143 7
99 144 1
99 148 1
99 153 1
99 154 1
99 157 1
99 159 1
99 160 1
99 161 2
99 165 1
99 167 3
99 169 1
99 172 4
99 177 1
99 180 2
99 181 2
99 182 1
99 184 2
99 185 1
99 186 1
99 187 2
99 188 1
99 189 1
99 190 1
99 192 1
99 193 2
99 194 1
99 197 1
99 198 1
99 200 1
100 107 1
100 110 1
100 113 2
100 116 1
100 118 1
100 120 1
100 121 2
100 122 1
100 123 1
100 124 1
100 129 2
100 131 2
100 132 1
100 133 1
100 134 3
100 135 1
100 137 1
100 140 1
100 143 2
100 145 1
100 148 1
100 151 1
100 155 1
100 157 1
100 158 1
100 162 1
100 165 1
100 167 4
100 170 1
100 174 1
100 175 1
100 178 1
100 179 1
100 182 1
100 184 1
100 188 2
100 190 1
100 192 1
100 195 1
100 197 2
100 198 2
100 199 1
