25 25 4 349
#constraints
27 28
27 29
32 39
27 43
#edges
1 30 1
1 31 1
1 32 1
1 33 2
1 34 2
1 37 1
1 40 2
1 43 3
1 44 2
1 45 1
1 46 1
1 47 5
1 49 1
2 26 1
2 27 1
2 28 2
2 29 1
2 30 1
2 32 1
2 33 1
2 34 2
2 36 1
2 38 2
2 39 1
2 42 1
2 43 6
2 48 2
2 50 1
3 30 1
3 32 1
3 33 1
3 34 4
3 36 2
3 40 2
3 41 3
3 42 1
3 43 1
3 46 2
3 47 3
3 48 1
4 26 2
4 27 5
4 28 2
4 30 1
4 32 1
4 33 1
4 36 3
4 37 1
4 38 1
4 39 2
4 43 1
4 45 1
4 49 1
5 26 2
5 27 1
5 28 1
5 29 2
5 30 1
5 31 1
5 32 2
5 34 2
5 35 1
5 36 1
5 39 1
5 43 2
5 44 1
5 46 1
5 47 2
5 48 1
5 49 2
5 50 1
6 29 1
6 31 1
6 32 1
6 33 1
6 38 1
6 41 1
6 42 1
6 45 2
6 49 1
7 27 2
7 33 2
7 34 1
7 35 1
7 36 1
7 37 1
7 40 1
7 41 4
7 43 1
7 45 1
7 46 1
7 48 1
7 49 6
7 50 1
8 27 1
8 28 2
8 29 2
8 30 1
8 31 1
8 33 1
8 34 1
8 35 1
8 36 1
8 38 1
8 39 1
8 41 1
8 43 2
8 45 1
8 47 2
8 48 1
8 49 2
8 50 1
9 26 3
9 27 1
9 28 1
9 29 3
9 31 2
9 32 1
9 34 1
9 35 10
9 38 2
9 42 7
9 44 1
9 45 1
9 46 1
9 47 1
9 48 1
9 49 4
10 26 1
10 27 1
10 28 2
10 29 1
10 31 1
10 32 1
10 34 1
10 35 1
10 36 2
10 37 1
10 38 2
10 39 1
10 40 2
10 41 1
10 42 1
10 44 1
10 45 2
10 46 1
10 47 2
10 48 6
10 50 1
11 31 1
11 32 2
11 34 2
11 39 1
11 40 2
11 41 1
11 43 1
11 47 3
11 49 1
12 28 1
12 29 2
12 31 1
12 32 1
12 35 1
12 36 1
12 37 1
12 42 1
12 43 1
12 47 1
12 49 1
12 50 1
13 26 2
13 27 1
13 28 2
13 29 2
13 30 1
13 31 1
13 32 1
13 35 1
13 36 1
13 37 2
13 38 1
13 40 2
13 41 1
13 43 1
13 44 3
13 46 1
13 47 1
13 48 4
14 26 2
14 27 1
14 30 1
14 31 3
14 32 1
14 33 1
14 36 2
14 37 1
14 38 1
14 42 1
14 44 2
14 45 1
14 48 1
14 49 1
14 50 3
15 26 3
15 27 1
15 28 1
15 29 1
15 30 1
15 37 2
15 38 1
15 42 1
15 43 1
15 44 1
15 45 1
15 47 2
15 49 1
16 26 2
16 27 3
16 29 1
16 31 1
16 35 2
16 36 1
16 38 1
16 40 2
16 41 1
16 44 1
16 46 1
16 47 1
16 48 1
16 49 2
17 27 1
17 28 1
17 31 1
17 33 1
17 36 1
17 39 1
17 47 2
17 49 1
17 50 1
18 26 1
18 27 1
18 28 1
18 29 3
18 32 1
18 34 1
18 35 2
18 39 1
18 42 1
18 44 1
18 46 1
18 48 1
19 28 1
19 29 6
19 32 2
19 37 1
19 38 1
19 40 1
19 42 1
19 45 1
19 46 1
19 48 1
19 49 1
20 26 2
20 27 1
20 28 1
20 30 1
20 31 1
20 34 1
20 35 1
20 41 1
20 43 1
20 44 1
20 45 1
20 46 1
20 47 3
21 27 1
21 29 1
21 30 1
21 31 1
21 32 2
21 33 1
21 35 2
21 37 2
21 39 1
21 40 3
21 41 1
21 42 1
21 45 1
21 46 4
21 47 6
21 49 2
21 50 1
22 27 1
22 28 1
22 29 2
22 31 1
22 32 3
22 34 1
22 36 2
22 37 1
22 41 1
22 43 1
22 44 2
22 45 1
22 47 1
22 48 6
22 50 1
23 27 2
23 30 2
23 31 4
23 33 3
23 34 2
23 35 1
23 37 1
23 38 4
23 40 3
23 41 3
23 43 3
23 44 1
23 45 1
23 46 3
23 48 1
23 50 1
24 26 2
24 27 1
24 30 4
24 31 1
24 34 1
24 35 1
24 37 2
24 38 2
24 40 1
24 41 1
24 47 1
24 48 1
24 49 1
25 28 1
25 29 2
25 31 2
25 32 1
25 33 2
25 37 1
25 38 2
25 39 1
25 41 1
25 43 1
25 44 1
25 49 1
25 50 2
