250 250 40 9769
#constraints
254 257
253 262
252 263
264 265
267 272
253 273
254 277
255 283
269 288
276 292
268 294
268 301
270 302
269 303
264 307
308 319
310 332
256 335
324 336
254 338
278 341
251 349
287 358
292 371
256 377
266 378
384 394
379 414
360 421
425 430
381 440
410 444
340 459
310 464
413 470
399 472
411 487
433 491
365 498
311 499
#edges
1 251 2
1 258 1
1 262 3
1 268 1
1 302 3
1 304 1
1 305 1
1 314 2
1 322 1
1 324 1
1 348 1
1 364 1
1 369 1
1 384 7
1 388 1
1 408 1
1 417 3
1 424 1
1 444 1
1 453 2
1 476 1
1 481 3
1 482 1
1 489 3
1 492 2
2 253 1
2 260 1
2 263 1
2 284 3
2 295 1
2 298 2
2 310 1
2 311 2
2 312 2
2 319 2
2 324 2
2 335 1
2 338 1
2 354 2
2 368 1
2 376 2
2 391 1
2 400 6
2 409 1
2 415 1
2 426 1
2 434 3
2 441 1
2 445 1
2 449 4
2 459 1
2 483 3
2 484 2
2 487 1
3 254 1
3 260 1
3 273 2
3 274 1
3 278 2
3 282 1
3 286 2
3 294 1
3 295 1
3 301 1
3 308 1
3 318 1
3 323 1
3 334 2
3 335 1
3 340 1
3 349 2
3 356 2
3 365 1
3 368 1
3 374 1
3 381 1
3 384 3
3 386 1
3 394 1
3 402 2
3 411 1
3 413 3
3 414 2
3 419 2
3 421 1
3 438 1
3 452 2
3 457 1
3 469 2
3 476 1
3 480 1
3 485 1
3 488 2
3 492 2
3 493 2
4 252 1
4 255 1
4 272 2
4 277 1
4 284 1
4 288 1
4 310 1
4 311 3
4 316 2
4 328 1
4 329 3
4 333 1
4 336 2
4 339 2
4 345 1
4 350 1
4 359 2
4 363 3
4 367 2
4 394 1
4 397 2
4 400 1
4 413 1
4 414 1
4 421 2
4 423 2
4 430 1
4 434 5
4 442 1
4 454 1
4 457 2
4 460 2
4 462 1
4 478 1
4 484 1
4 498 1
4 499 2
4 500 1
5 254 2
5 258 1
5 269 2
5 271 1
5 274 4
5 276 1
5 291 1
5 308 1
5 310 7
5 315 3
5 317 2
5 320 2
5 323 1
5 343 1
5 344 3
5 379 4
5 382 1
5 386 2
5 402 1
5 408 1
5 411 1
5 420 2
5 429 3
5 441 1
5 444 1
5 454 1
5 458 1
5 461 1
5 466 1
5 469 1
5 478 1
5 481 2
5 491 2
6 254 1
6 257 1
6 261 1
6 262 1
6 266 1
6 268 1
6 272 1
6 281 1
6 293 1
6 297 1
6 299 1
6 301 1
6 314 1
6 317 1
6 324 1
6 339 2
6 349 2
6 350 2
6 356 4
6 360 3
6 361 1
6 372 1
6 385 2
6 390 1
6 398 1
6 403 1
6 410 5
6 416 1
6 418 1
6 426 1
6 433 1
6 436 1
6 444 1
6 445 4
6 451 1
6 452 2
6 459 1
6 468 1
6 469 1
6 481 2
6 484 3
6 485 2
6 486 2
6 491 1
6 493 2
6 494 2
6 496 1
7 252 2
7 261 4
7 262 2
7 264 1
7 269 1
7 276 2
7 284 1
7 285 3
7 286 1
7 291 3
7 306 1
7 309 2
7 311 1
7 312 1
7 313 2
7 317 1
7 324 1
7 325 2
7 326 1
7 328 3
7 330 1
7 334 2
7 337 1
7 345 1
7 352 1
7 355 1
7 360 1
7 380 1
7 384 1
7 385 2
7 395 2
7 404 5
7 409 1
7 420 2
7 423 1
7 428 1
7 437 2
7 450 1
7 453 3
7 455 2
7 464 1
7 473 1
7 477 2
7 478 1
7 482 1
7 486 2
7 487 1
7 494 3
7 496 1
7 498 4
7 500 1
8 253 1
8 273 1
8 287 1
8 290 1
8 291 1
8 302 1
8 307 6
8 317 1
8 321 1
8 345 6
8 359 3
8 362 1
8 367 1
8 369 1
8 383 2
8 391 1
8 392 1
8 398 1
8 399 2
8 420 7
8 422 1
8 423 1
8 426 1
8 428 1
8 429 1
8 443 3
8 449 1
8 466 1
8 473 1
8 476 1
8 478 1
8 479 2
8 483 1
9 252 1
9 258 1
9 263 1
9 265 2
9 267 1
9 272 1
9 278 1
9 279 2
9 281 1
9 283 2
9 292 1
9 298 2
9 302 1
9 309 2
9 316 1
9 327 3
9 329 1
9 336 2
9 338 2
9 339 1
9 341 1
9 347 1
9 375 2
9 377 2
9 378 1
9 392 2
9 397 1
9 400 1
9 411 1
9 414 1
9 415 1
9 420 2
9 425 1
9 433 1
9 444 1
9 446 1
9 452 1
9 466 3
9 482 1
9 484 1
9 496 1
9 497 3
9 500 1
10 252 1
10 256 4
10 263 1
10 266 1
10 272 1
10 273 1
10 287 5
10 289 1
10 307 1
10 309 2
10 325 1
10 331 3
10 332 2
10 343 1
10 345 1
10 351 1
10 357 1
10 358 1
10 367 5
10 372 1
10 395 1
10 398 1
10 417 2
10 428 2
10 434 1
10 436 1
10 438 1
10 439 1
10 441 1
10 444 3
10 453 3
10 458 2
10 464 1
10 471 1
10 488 1
10 490 2
10 499 2
11 251 1
11 254 1
11 255 1
11 258 1
11 259 3
11 264 2
11 267 1
11 275 5
11 298 1
11 304 2
11 313 1
11 323 1
11 331 1
11 332 3
11 341 1
11 343 2
11 345 3
11 351 1
11 352 2
11 375 2
11 380 1
11 394 2
11 397 1
11 398 1
11 403 1
11 408 1
11 410 1
11 417 1
11 426 2
11 430 1
11 440 3
11 453 1
11 454 3
11 457 1
11 465 1
11 474 1
11 476 1
11 481 1
11 485 1
11 487 4
11 493 2
11 495 1
12 255 1
12 260 1
12 264 1
12 285 1
12 299 1
12 318 1
12 322 1
12 323 2
12 326 2
12 331 2
12 334 1
12 335 1
12 344 2
12 345 1
12 352 1
12 373 1
12 375 1
12 376 1
12 411 2
12 415 1
12 417 2
12 424 4
12 426 1
12 428 1
12 440 1
12 443 1
12 458 1
12 461 1
12 474 2
12 483 1
12 484 3
12 485 3
12 487 1
12 488 1
12 497 1
12 498 3
13 251 1
13 252 1
13 255 2
13 256 2
13 259 1
13 261 2
13 271 4
13 279 1
13 280 2
13 281 2
13 285 1
13 286 1
13 296 2
13 300 1
13 302 1
13 304 1
13 308 1
13 314 1
13 319 1
13 323 3
13 324 1
13 339 1
13 347 1
13 351 1
13 357 2
13 366 2
13 391 1
13 397 4
13 401 2
13 409 1
13 410 1
13 418 1
13 420 1
13 421 1
13 431 1
13 433 1
13 455 1
13 461 3
13 475 1
13 478 1
13 484 1
13 486 1
13 499 1
14 251 1
14 255 3
14 256 2
14 257 1
14 258 2
14 262 1
14 265 1
14 267 2
14 269 5
14 274 3
14 294 1
14 304 1
14 313 1
14 314 5
14 325 2
14 327 1
14 330 1
14 334 2
14 345 1
14 353 3
14 382 1
14 388 2
14 394 1
14 395 1
14 406 5
14 415 1
14 434 3
14 435 1
14 438 1
14 445 2
14 453 1
14 470 3
14 482 1
14 486 2
14 490 1
15 253 1
15 255 1
15 273 1
15 280 3
15 282 2
15 296 2
15 307 2
15 318 1
15 321 1
15 341 2
15 354 1
15 365 1
15 371 2
15 372 2
15 381 1
15 394 1
15 401 1
15 406 1
15 422 2
15 424 1
15 425 2
15 430 1
15 434 2
15 464 4
15 465 1
15 475 1
15 489 1
15 493 1
16 279 1
16 280 2
16 282 1
16 296 2
16 311 1
16 312 1
16 322 1
16 335 1
16 338 2
16 339 2
16 342 1
16 345 1
16 346 3
16 347 4
16 357 1
16 359 1
16 397 1
16 400 2
16 414 2
16 422 2
16 423 1
16 429 2
16 433 1
16 444 1
16 457 1
16 461 2
16 464 1
16 477 1
16 481 2
16 486 2
16 498 1
16 499 1
17 252 1
17 256 2
17 262 3
17 264 1
17 265 3
17 280 1
17 292 2
17 293 1
17 301 1
17 305 1
17 309 1
17 323 1
17 340 1
17 341 2
17 345 2
17 351 2
17 353 1
17 357 2
17 358 2
17 360 1
17 361 3
17 366 1
17 368 2
17 386 5
17 409 3
17 410 4
17 411 4
17 415 1
17 418 1
17 441 1
17 454 2
17 455 1
17 457 1
17 460 1
17 463 1
17 466 1
17 468 1
17 472 2
17 473 2
18 253 1
18 258 5
18 261 1
18 262 1
18 265 1
18 267 1
18 287 3
18 303 1
18 306 2
18 315 4
18 319 1
18 328 1
18 332 1
18 333 1
18 340 4
18 354 7
18 356 3
18 367 2
18 372 1
18 376 1
18 383 3
18 385 1
18 391 1
18 395 2
18 399 1
18 404 1
18 420 2
18 423 2
18 427 1
18 443 1
18 448 3
18 451 3
18 464 1
18 465 1
18 467 3
18 472 2
18 474 1
18 479 2
18 480 1
18 483 1
18 498 2
18 500 3
19 259 1
19 261 1
19 262 2
19 291 1
19 292 1
19 296 1
19 298 2
19 311 1
19 345 1
19 346 1
19 352 2
19 353 2
19 363 2
19 366 1
19 369 2
19 374 1
19 378 1
19 381 1
19 389 1
19 392 2
19 397 1
19 410 3
19 411 1
19 412 2
19 424 2
19 430 1
19 438 3
19 439 1
19 446 1
19 457 2
19 463 2
19 465 1
19 467 1
19 481 2
19 490 1
19 493 2
20 253 1
20 271 1
20 278 2
20 280 1
20 297 1
20 306 1
20 311 3
20 317 2
20 329 6
20 331 1
20 337 1
20 341 3
20 365 1
20 371 1
20 383 1
20 390 1
20 397 3
20 406 1
20 411 1
20 418 5
20 424 1
20 429 1
20 443 1
20 456 1
20 463 5
20 464 2
20 466 1
20 468 1
20 474 1
20 488 2
20 489 1
21 252 1
21 253 2
21 260 2
21 261 1
21 268 1
21 273 1
21 278 1
21 283 2
21 287 2
21 302 1
21 309 5
21 310 3
21 314 1
21 315 1
21 325 1
21 335 1
21 342 2
21 369 1
21 372 1
21 373 1
21 380 1
21 388 1
21 390 1
21 391 1
21 393 2
21 399 1
21 405 1
21 407 3
21 409 2
21 411 1
21 417 1
21 420 4
21 434 1
21 440 1
21 443 1
21 453 1
21 483 2
21 485 2
21 494 1
22 266 1
22 274 1
22 277 1
22 279 1
22 302 1
22 310 2
22 311 2
22 322 2
22 324 1
22 342 1
22 351 1
22 355 2
22 362 1
22 369 2
22 371 1
22 378 1
22 382 1
22 391 2
22 392 2
22 396 1
22 398 2
22 407 1
22 423 1
22 432 4
22 437 1
22 445 1
22 446 5
22 449 2
22 466 1
22 471 1
22 475 1
22 478 1
22 479 1
22 480 2
22 487 1
22 495 1
22 497 1
23 266 1
23 276 1
23 281 1
23 286 2
23 287 1
23 291 3
23 294 2
23 295 2
23 309 1
23 313 1
23 315 2
23 318 1
23 324 2
23 325 1
23 339 1
23 341 1
23 347 3
23 352 1
23 356 2
23 359 1
23 381 2
23 384 2
23 386 4
23 396 1
23 407 1
23 418 3
23 425 3
23 431 1
23 432 3
23 447 1
23 448 1
23 450 1
23 451 3
23 462 1
23 463 1
23 466 1
23 470 1
23 472 2
23 484 3
23 488 1
23 490 2
23 492 2
23 497 5
23 500 1
24 256 3
24 257 1
24 259 1
24 267 2
24 275 1
24 277 1
24 279 1
24 283 1
24 284 1
24 290 1
24 297 1
24 301 1
24 307 1
24 312 1
24 319 1
24 329 1
24 337 1
24 342 4
24 367 1
24 369 4
24 370 3
24 374 3
24 385 1
24 391 2
24 393 1
24 418 1
24 423 1
24 438 1
24 441 1
24 446 2
24 447 1
24 456 1
24 467 1
24 468 1
24 471 5
24 477 1
24 484 1
24 485 1
24 487 6
24 488 1
25 253 2
25 254 2
25 269 3
25 270 2
25 271 2
25 273 1
25 285 2
25 294 2
25 297 1
25 308 1
25 310 1
25 314 1
25 326 1
25 336 1
25 342 1
25 350 3
25 357 1
25 358 2
25 363 1
25 371 3
25 383 2
25 385 3
25 386 1
25 391 1
25 394 1
25 416 3
25 420 2
25 424 2
25 425 3
25 430 1
25 431 2
25 432 2
25 436 1
25 442 1
25 449 2
25 453 1
25 456 3
25 462 1
25 463 2
25 468 1
25 478 2
25 486 2
25 493 2
26 252 2
26 269 1
26 270 2
26 273 1
26 276 1
26 281 1
26 282 1
26 287 2
26 291 2
26 294 1
26 295 1
26 301 2
26 302 1
26 308 2
26 313 1
26 316 1
26 318 2
26 320 2
26 321 1
26 335 2
26 337 1
26 342 1
26 346 2
26 350 1
26 352 3
26 353 2
26 358 2
26 387 1
26 390 1
26 395 2
26 398 1
26 401 2
26 410 1
26 415 1
26 420 1
26 421 1
26 428 2
26 434 1
26 437 1
26 470 1
26 471 3
26 497 1
27 266 1
27 275 1
27 278 2
27 287 3
27 289 3
27 300 2
27 306 1
27 348 3
27 365 1
27 372 1
27 376 1
27 388 2
27 389 1
27 390 3
27 393 1
27 402 1
27 422 2
27 427 1
27 449 1
27 452 1
27 459 2
27 474 4
27 475 1
27 481 3
27 484 1
28 289 2
28 290 1
28 294 1
28 295 2
28 306 1
28 308 1
28 321 3
28 336 1
28 337 3
28 342 2
28 344 1
28 348 1
28 363 2
28 380 2
28 393 1
28 395 1
28 415 1
28 417 2
28 420 2
28 435 1
28 436 1
28 437 1
28 441 3
28 459 7
28 465 1
28 466 1
28 470 1
28 472 3
28 480 3
28 481 1
28 485 1
28 486 3
28 487 2
29 253 1
29 269 2
29 272 1
29 276 1
29 277 2
29 278 1
29 292 1
29 296 1
29 301 4
29 309 1
29 310 1
29 314 1
29 319 3
29 326 2
29 328 1
29 334 1
29 339 1
29 342 1
29 344 1
29 351 3
29 372 1
29 377 1
29 386 1
29 387 1
29 395 1
29 403 1
29 408 6
29 421 2
29 434 2
29 435 2
29 442 1
29 447 1
29 462 3
29 469 2
29 472 1
29 486 1
29 488 1
29 494 1
29 498 2
30 253 1
30 266 3
30 282 1
30 293 1
30 303 1
30 304 1
30 316 1
30 334 1
30 338 1
30 358 1
30 374 2
30 381 2
30 387 1
30 392 1
30 396 1
30 403 1
30 409 2
30 413 2
30 417 3
30 419 1
30 420 1
30 428 1
30 430 1
30 431 1
30 440 1
30 442 1
30 443 1
30 447 1
30 451 2
30 455 1
30 456 4
30 458 2
30 464 1
30 469 1
30 475 1
30 479 1
30 497 2
31 255 2
31 260 1
31 261 1
31 264 1
31 284 5
31 287 1
31 295 1
31 296 1
31 305 2
31 308 3
31 320 3
31 321 2
31 324 1
31 326 1
31 330 1
31 336 2
31 355 3
31 357 2
31 362 1
31 368 1
31 373 1
31 379 1
31 380 1
31 394 1
31 399 1
31 411 1
31 422 1
31 441 1
31 442 1
31 448 2
31 460 1
31 471 3
31 472 1
31 481 3
31 496 1
31 497 1
31 499 2
32 254 1
32 265 1
32 266 1
32 269 1
32 274 1
32 277 1
32 279 3
32 282 2
32 287 1
32 289 1
32 293 1
32 297 2
32 305 1
32 306 2
32 320 1
32 327 5
32 336 1
32 340 1
32 344 2
32 352 1
32 362 4
32 372 2
32 382 1
32 385 3
32 388 1
32 395 2
32 401 1
32 402 1
32 416 1
32 417 2
32 433 1
32 437 3
32 449 2
32 459 1
32 460 2
32 461 1
32 465 1
32 469 1
32 473 1
32 481 1
32 484 1
32 493 4
32 496 2
33 256 5
33 257 1
33 266 1
33 269 2
33 274 1
33 278 3
33 281 2
33 282 2
33 286 2
33 312 2
33 319 4
33 326 1
33 331 2
33 336 1
33 341 1
33 342 1
33 344 1
33 347 3
33 348 1
33 358 1
33 360 1
33 364 1
33 367 1
33 390 1
33 393 1
33 398 1
33 403 1
33 408 2
33 410 1
33 419 1
33 426 1
33 428 1
33 429 1
33 435 1
33 439 2
33 443 4
33 452 2
33 465 3
33 467 1
33 472 3
33 491 1
33 492 1
34 254 1
34 255 3
34 262 1
34 265 3
34 275 2
34 287 1
34 293 1
34 296 2
34 301 1
34 302 3
34 307 3
34 314 1
34 318 2
34 326 2
34 328 1
34 344 2
34 345 1
34 353 4
34 376 1
34 387 1
34 390 1
34 391 1
34 394 1
34 398 1
34 412 1
34 413 1
34 420 1
34 421 5
34 424 1
34 435 2
34 442 1
34 445 1
34 456 2
34 458 4
34 459 2
34 467 1
34 480 1
34 482 1
34 498 1
34 500 2
35 256 1
35 259 1
35 266 3
35 272 1
35 274 2
35 279 6
35 280 1
35 286 2
35 292 4
35 293 2
35 298 1
35 302 1
35 303 2
35 314 1
35 323 1
35 326 1
35 329 1
35 333 1
35 334 1
35 336 1
35 345 2
35 346 1
35 366 2
35 373 1
35 375 2
35 385 1
35 397 1
35 398 1
35 410 1
35 434 2
35 439 1
35 442 2
35 448 2
35 452 2
35 479 2
35 487 1
36 259 1
36 267 1
36 271 2
36 274 2
36 278 5
36 288 3
36 289 1
36 291 2
36 297 2
36 308 1
36 310 2
36 315 1
36 320 2
36 324 1
36 334 1
36 344 1
36 351 1
36 371 1
36 372 2
36 378 2
36 380 1
36 387 1
36 398 1
36 401 1
36 406 3
36 411 1
36 413 1
36 414 1
36 417 1
36 443 1
36 456 2
36 459 1
36 461 2
36 466 1
36 474 2
36 480 1
36 487 3
36 489 1
36 495 2
37 257 1
37 258 2
37 264 1
37 279 2
37 285 2
37 289 2
37 291 1
37 308 1
37 310 2
37 315 1
37 317 1
37 318 1
37 323 1
37 331 1
37 334 1
37 341 5
37 351 1
37 355 2
37 363 1
37 364 1
37 367 3
37 379 2
37 393 1
37 405 2
37 415 1
37 419 1
37 432 1
37 435 1
37 443 3
37 459 2
37 474 2
37 478 1
37 482 1
37 493 1
37 494 1
37 497 1
37 499 1
38 256 1
38 262 1
38 269 2
38 275 1
38 276 4
38 277 1
38 282 1
38 296 1
38 302 1
38 316 1
38 323 1
38 331 1
38 342 1
38 355 2
38 365 5
38 369 3
38 371 1
38 379 1
38 392 1
38 397 4
38 400 2
38 407 2
38 418 1
38 421 2
38 426 1
38 434 2
38 442 2
38 444 1
38 454 1
38 457 1
38 484 1
38 486 1
38 488 1
38 499 1
39 254 3
39 259 2
39 260 2
39 262 1
39 266 1
39 272 2
39 273 1
39 284 1
39 287 3
39 288 1
39 290 1
39 295 2
39 296 2
39 315 1
39 318 1
39 331 3
39 334 1
39 337 2
39 339 1
39 340 1
39 342 1
39 352 1
39 362 1
39 364 1
39 374 2
39 377 4
39 384 3
39 386 1
39 388 1
39 395 1
39 399 2
39 403 1
39 408 4
39 411 3
39 415 1
39 418 1
39 424 1
39 426 1
39 427 3
39 428 2
39 434 5
39 444 2
39 453 1
39 472 1
39 490 2
39 493 1
40 254 1
40 259 1
40 264 1
40 274 3
40 280 1
40 302 4
40 303 1
40 304 1
40 306 6
40 310 1
40 314 1
40 320 3
40 331 1
40 332 1
40 344 2
40 346 2
40 347 1
40 349 1
40 352 1
40 363 2
40 365 2
40 369 1
40 372 1
40 383 1
40 393 2
40 394 2
40 401 2
40 405 3
40 408 2
40 411 2
40 419 3
40 425 1
40 426 3
40 428 1
40 436 3
40 439 1
40 442 1
40 443 1
40 449 1
40 454 1
40 458 1
40 464 3
40 467 2
40 476 1
40 493 1
40 494 1
41 258 1
41 261 4
41 270 2
41 274 1
41 284 1
41 291 1
41 309 1
41 316 1
41 319 2
41 331 2
41 343 1
41 346 1
41 353 1
41 365 1
41 384 2
41 387 1
41 400 1
41 403 3
41 419 2
41 428 3
41 433 1
41 457 1
41 467 1
41 473 1
41 477 1
41 481 1
41 486 1
41 490 1
41 491 1
41 496 2
41 498 3
42 256 1
42 259 1
42 264 2
42 278 1
42 280 1
42 284 1
42 287 1
42 289 1
42 290 1
42 296 4
42 297 1
42 303 2
42 337 2
42 344 1
42 352 1
42 355 1
42 360 1
42 367 1
42 375 1
42 377 1
42 385 2
42 386 2
42 392 1
42 398 1
42 406 1
42 414 1
42 423 1
42 427 1
42 436 1
42 448 1
42 450 1
42 455 1
42 456 2
42 458 1
42 459 1
42 464 1
42 467 1
42 479 2
42 487 2
43 253 1
43 257 1
43 265 2
43 267 2
43 272 1
43 279 2
43 280 2
43 289 2
43 290 3
43 313 1
43 314 1
43 320 1
43 322 2
43 327 1
43 332 1
43 353 3
43 360 3
43 362 7
43 365 1
43 370 3
43 371 3
43 375 1
43 404 1
43 413 1
43 419 1
43 424 1
43 439 1
43 442 1
43 456 1
43 457 3
43 459 1
43 467 1
43 468 1
43 479 3
43 483 1
43 485 3
43 487 1
43 495 1
43 496 2
43 498 3
44 256 1
44 273 1
44 289 2
44 291 1
44 316 1
44 320 2
44 322 1
44 323 1
44 326 1
44 330 3
44 334 2
44 343 2
44 347 2
44 359 2
44 363 1
44 374 1
44 380 3
44 381 1
44 385 1
44 388 2
44 395 1
44 404 1
44 413 1
44 426 1
44 436 2
44 444 2
44 450 1
44 455 1
44 456 2
44 457 2
44 463 1
44 469 1
44 474 1
44 498 3
45 252 1
45 258 2
45 264 1
45 269 1
45 272 2
45 273 1
45 274 1
45 283 3
45 295 3
45 318 1
45 320 2
45 324 1
45 332 1
45 335 3
45 340 1
45 349 1
45 352 2
45 356 1
45 358 1
45 378 1
45 381 1
45 392 1
45 411 1
45 429 1
45 431 1
45 434 1
45 442 1
45 453 2
45 456 1
45 465 2
45 468 2
45 472 3
45 473 3
45 474 1
45 475 1
45 484 1
45 497 2
46 251 2
46 258 2
46 266 1
46 272 1
46 282 1
46 283 2
46 285 1
46 286 5
46 288 1
46 289 1
46 299 1
46 303 3
46 309 1
46 319 1
46 355 3
46 357 1
46 361 1
46 363 3
46 368 1
46 381 1
46 392 1
46 394 1
46 398 1
46 400 2
46 402 1
46 409 1
46 410 1
46 411 1
46 427 1
46 430 1
46 444 1
46 447 2
46 452 1
46 453 3
46 467 2
46 469 1
46 480 2
46 481 1
46 489 2
47 254 3
47 258 1
47 260 1
47 261 1
47 265 1
47 277 1
47 285 1
47 292 4
47 294 2
47 296 1
47 313 1
47 319 2
47 324 1
47 336 1
47 368 3
47 371 1
47 373 1
47 374 1
47 377 4
47 378 1
47 379 1
47 385 1
47 397 1
47 402 1
47 410 1
47 419 1
47 422 1
47 423 2
47 424 5
47 427 2
47 441 1
47 442 3
47 443 2
47 444 2
47 450 1
47 464 1
47 468 2
47 470 1
47 471 1
47 472 2
47 481 1
47 485 2
47 489 1
47 492 6
48 265 3
48 278 2
48 281 2
48 285 1
48 288 1
48 289 2
48 294 1
48 302 1
48 312 2
48 339 1
48 360 1
48 362 1
48 364 1
48 372 1
48 386 1
48 401 1
48 403 1
48 405 2
48 410 1
48 423 1
48 429 1
48 436 2
48 438 1
48 445 3
48 461 1
48 463 1
48 470 1
48 478 1
48 482 3
48 484 1
48 488 2
48 492 3
49 251 2
49 260 1
49 262 3
49 266 1
49 270 1
49 275 1
49 278 3
49 281 1
49 290 1
49 297 1
49 299 1
49 304 1
49 325 1
49 327 2
49 330 1
49 335 2
49 339 1
49 342 2
49 344 4
49 347 1
49 355 1
49 358 4
49 395 5
49 396 2
49 397 1
49 399 2
49 412 3
49 417 1
49 426 2
49 439 1
49 441 1
49 444 1
49 453 4
49 457 4
49 459 1
49 477 2
49 486 1
49 487 2
49 496 1
50 255 2
50 258 1
50 279 2
50 282 1
50 286 1
50 293 2
50 299 1
50 306 1
50 309 1
50 312 1
50 314 2
50 329 1
50 342 1
50 346 1
50 348 1
50 372 1
50 390 3
50 396 1
50 403 2
50 407 2
50 434 1
50 447 2
50 450 1
50 451 2
50 452 1
50 456 2
50 458 1
50 467 1
50 471 1
50 479 1
50 483 1
50 485 1
50 490 2
50 495 1
51 256 1
51 262 1
51 264 1
51 271 1
51 273 2
51 274 3
51 276 1
51 288 3
51 290 1
51 296 3
51 300 3
51 305 1
51 306 1
51 316 1
51 322 1
51 325 2
51 352 2
51 362 3
51 364 1
51 365 2
51 373 2
51 380 1
51 385 2
51 387 2
51 388 2
51 396 1
51 403 1
51 409 1
51 417 3
51 423 2
51 431 1
51 434 1
51 436 2
51 443 4
51 444 1
51 449 2
51 467 1
51 476 2
51 479 1
51 486 1
51 487 2
51 488 1
51 495 2
52 253 3
52 287 1
52 293 1
52 297 1
52 303 2
52 316 1
52 319 1
52 325 1
52 328 1
52 339 1
52 340 1
52 341 3
52 349 3
52 355 7
52 361 1
52 367 2
52 368 1
52 377 2
52 389 4
52 390 2
52 394 1
52 420 1
52 428 1
52 429 1
52 437 3
52 441 4
52 443 1
52 448 1
52 449 2
52 450 1
52 458 3
52 465 1
52 467 1
52 470 1
52 476 1
52 483 1
52 487 2
52 492 1
52 495 5
52 496 1
53 252 3
53 253 1
53 262 2
53 267 1
53 271 1
53 272 1
53 273 1
53 282 1
53 303 2
53 324 1
53 326 1
53 329 1
53 335 1
53 340 2
53 341 4
53 352 1
53 354 1
53 382 2
53 386 1
53 390 2
53 401 1
53 405 1
53 412 1
53 419 1
53 429 1
53 431 1
53 436 2
53 441 3
53 450 2
53 454 1
53 457 1
53 462 2
53 464 2
53 470 1
53 475 1
53 479 3
53 484 1
53 491 1
53 495 1
53 496 2
54 257 2
54 259 3
54 265 1
54 293 2
54 294 1
54 306 1
54 308 2
54 311 1
54 326 1
54 328 2
54 330 1
54 336 1
54 338 1
54 345 3
54 364 1
54 365 2
54 370 1
54 371 2
54 372 3
54 375 2
54 379 1
54 383 2
54 385 1
54 397 3
54 400 1
54 405 1
54 412 3
54 434 1
54 447 1
54 459 1
54 464 2
54 465 1
54 473 2
54 478 2
54 496 3
54 497 1
54 498 1
55 252 2
55 261 1
55 265 1
55 296 1
55 298 1
55 300 2
55 302 1
55 305 3
55 308 3
55 309 1
55 316 2
55 320 1
55 324 3
55 342 3
55 344 3
55 346 2
55 349 1
55 362 1
55 363 2
55 369 1
55 378 1
55 406 1
55 414 1
55 415 1
55 423 1
55 430 1
55 438 2
55 440 1
55 458 1
55 464 2
55 467 1
55 474 1
55 476 2
55 490 5
55 495 1
56 251 2
56 256 1
56 267 1
56 273 1
56 277 3
56 278 1
56 282 2
56 284 5
56 291 1
56 314 1
56 316 2
56 318 2
56 321 1
56 326 1
56 330 3
56 331 2
56 332 1
56 345 3
56 348 2
56 363 1
56 369 1
56 377 4
56 379 1
56 400 1
56 402 2
56 406 3
56 418 1
56 427 1
56 439 2
56 462 2
56 475 2
56 481 1
56 496 1
57 254 2
57 255 1
57 256 1
57 258 1
57 283 1
57 287 1
57 288 3
57 289 2
57 292 3
57 294 1
57 296 1
57 298 1
57 299 1
57 302 1
57 313 1
57 326 2
57 331 1
57 344 1
57 345 2
57 351 1
57 354 1
57 355 3
57 356 1
57 363 1
57 365 1
57 369 1
57 370 3
57 374 1
57 378 5
57 387 3
57 395 2
57 433 1
57 440 1
57 444 2
57 445 1
57 448 1
57 452 1
57 459 1
57 466 1
57 468 2
57 476 1
57 479 4
57 486 1
58 254 2
58 257 1
58 258 1
58 262 3
58 266 1
58 272 1
58 277 2
58 285 1
58 288 1
58 292 1
58 293 2
58 300 1
58 308 2
58 314 4
58 326 1
58 334 7
58 348 1
58 367 2
58 374 1
58 376 1
58 387 1
58 389 2
58 390 1
58 401 2
58 408 1
58 415 2
58 416 1
58 434 1
58 435 1
58 440 1
58 454 1
58 457 2
58 458 3
58 464 1
58 472 3
58 482 1
58 486 2
58 487 1
58 499 1
59 251 1
59 253 3
59 261 1
59 268 1
59 276 1
59 279 2
59 280 2
59 287 1
59 297 3
59 308 3
59 315 1
59 324 1
59 325 2
59 338 1
59 346 2
59 347 1
59 357 1
59 358 1
59 377 3
59 407 2
59 411 1
59 431 1
59 432 2
59 445 1
59 452 2
59 455 1
59 456 1
59 467 1
59 473 1
59 475 1
59 479 1
59 480 3
59 484 1
59 495 1
59 497 3
60 253 1
60 257 1
60 259 1
60 262 1
60 273 1
60 291 1
60 298 1
60 308 1
60 324 1
60 325 1
60 330 1
60 354 1
60 369 1
60 374 1
60 376 1
60 384 2
60 385 3
60 413 3
60 435 1
60 436 1
60 461 1
60 464 1
60 465 1
60 474 1
60 476 1
60 495 1
61 261 1
61 269 1
61 280 2
61 286 1
61 288 2
61 296 2
61 299 2
61 310 2
61 316 2
61 318 1
61 321 1
61 347 1
61 358 3
61 376 1
61 395 1
61 407 1
61 412 3
61 414 2
61 481 3
61 483 1
61 486 1
61 496 1
61 498 1
62 269 1
62 271 1
62 276 1
62 299 1
62 300 1
62 319 1
62 320 1
62 326 3
62 327 1
62 330 1
62 331 1
62 332 3
62 336 1
62 337 1
62 343 1
62 352 2
62 375 1
62 380 3
62 388 3
62 390 2
62 408 2
62 409 1
62 411 1
62 423 2
62 438 2
62 442 1
62 445 1
62 446 1
62 453 1
62 456 2
62 463 2
62 465 1
62 471 2
62 474 3
62 490 2
62 495 1
62 497 2
62 499 1
63 252 1
63 254 1
63 262 4
63 263 1
63 275 1
63 299 2
63 300 2
63 306 1
63 314 1
63 326 1
63 334 2
63 336 1
63 337 2
63 338 1
63 339 1
63 341 2
63 342 6
63 348 1
63 349 1
63 355 1
63 360 1
63 363 1
63 367 1
63 378 1
63 379 2
63 386 1
63 387 1
63 390 1
63 395 1
63 399 2
63 401 1
63 404 3
63 408 1
63 413 2
63 419 3
63 422 1
63 431 1
63 438 1
63 461 1
63 462 1
63 472 1
63 493 2
63 499 1
63 500 1
64 254 2
64 257 1
64 269 1
64 289 2
64 300 1
64 301 3
64 303 1
64 307 3
64 315 1
64 322 1
64 326 1
64 339 3
64 354 1
64 357 3
64 359 1
64 378 2
64 380 1
64 385 1
64 393 1
64 397 1
64 406 1
64 418 3
64 434 3
64 436 2
64 439 1
64 443 2
64 450 1
64 462 1
64 467 3
64 472 1
64 478 1
64 484 2
65 267 2
65 290 2
65 297 1
65 304 1
65 315 1
65 331 1
65 332 2
65 336 3
65 337 5
65 341 1
65 347 1
65 351 1
65 354 3
65 358 1
65 364 1
65 370 1
65 373 1
65 380 1
65 386 3
65 389 1
65 395 1
65 399 1
65 404 1
65 426 3
65 427 1
65 438 1
65 444 1
65 469 2
65 478 1
65 480 1
65 481 1
65 494 1
66 252 1
66 262 1
66 266 1
66 270 1
66 273 2
66 275 2
66 282 3
66 283 1
66 285 2
66 292 1
66 299 1
66 306 1
66 307 1
66 308 2
66 318 1
66 319 2
66 320 1
66 321 1
66 325 1
66 332 1
66 334 1
66 348 3
66 353 6
66 358 3
66 360 1
66 363 2
66 373 5
66 377 1
66 378 2
66 383 2
66 385 1
66 387 1
66 391 3
66 397 1
66 399 1
66 402 3
66 413 1
66 416 1
66 417 2
66 422 3
66 430 1
66 440 2
66 456 2
66 460 1
66 468 1
66 471 3
66 475 2
66 487 1
66 495 2
66 500 2
67 257 3
67 263 3
67 268 1
67 277 1
67 279 3
67 289 1
67 292 1
67 294 2
67 299 1
67 311 1
67 312 2
67 316 1
67 317 3
67 332 2
67 337 2
67 340 2
67 343 3
67 349 1
67 353 1
67 356 1
67 359 7
67 364 1
67 372 1
67 375 2
67 382 1
67 387 1
67 388 2
67 401 2
67 403 1
67 416 1
67 420 1
67 424 1
67 427 2
67 438 1
67 448 1
67 454 3
67 457 1
67 464 1
67 467 1
67 470 1
67 473 1
67 474 1
67 478 2
67 487 2
67 491 2
67 495 1
68 253 2
68 256 2
68 259 1
68 264 1
68 270 1
68 273 1
68 281 1
68 285 1
68 286 1
68 296 2
68 300 2
68 311 1
68 336 4
68 337 1
68 339 1
68 352 2
68 354 2
68 358 2
68 379 1
68 387 2
68 404 1
68 408 1
68 412 2
68 416 2
68 422 2
68 429 1
68 432 2
68 442 2
68 448 3
68 458 3
68 462 1
68 479 3
68 484 1
68 486 1
68 495 1
68 496 1
69 251 1
69 252 1
69 255 1
69 256 1
69 257 1
69 282 1
69 284 1
69 302 3
69 308 2
69 311 1
69 324 1
69 328 2
69 329 1
69 344 3
69 353 1
69 355 1
69 356 1
69 358 3
69 360 2
69 366 2
69 368 1
69 369 1
69 371 2
69 375 2
69 406 1
69 411 1
69 420 2
69 427 4
69 428 1
69 451 1
69 456 1
69 474 3
69 480 1
69 481 2
70 266 1
70 281 1
70 285 3
70 290 1
70 307 1
70 313 2
70 314 1
70 320 1
70 324 1
70 325 1
70 332 1
70 334 3
70 337 1
70 343 1
70 371 1
70 378 1
70 381 1
70 389 2
70 400 1
70 401 2
70 402 1
70 409 1
70 411 1
70 417 1
70 432 1
70 449 1
70 460 4
70 471 2
70 472 3
70 475 3
70 476 1
70 487 3
70 498 1
71 257 1
71 258 1
71 259 9
71 263 1
71 281 1
71 287 1
71 298 5
71 319 1
71 325 2
71 331 1
71 332 2
71 335 2
71 336 4
71 338 1
71 339 1
71 341 1
71 342 2
71 347 1
71 354 1
71 356 1
71 360 1
71 364 1
71 392 1
71 403 2
71 405 1
71 407 1
71 411 2
71 413 1
71 415 1
71 417 1
71 435 5
71 442 1
71 450 1
71 451 3
71 452 1
71 465 1
71 481 1
71 490 1
71 491 1
71 500 1
72 251 3
72 261 3
72 267 2
72 293 2
72 299 1
72 302 2
72 308 2
72 320 1
72 340 2
72 341 1
72 351 4
72 353 1
72 355 1
72 359 1
72 365 1
72 366 1
72 368 1
72 371 1
72 372 3
72 376 1
72 379 1
72 382 1
72 386 3
72 391 4
72 398 1
72 402 1
72 404 4
72 407 2
72 411 2
72 414 2
72 415 2
72 434 2
72 443 2
72 450 2
72 453 3
72 456 4
72 465 1
72 470 1
72 477 2
72 478 1
72 483 1
72 494 1
72 500 1
73 254 1
73 256 1
73 269 1
73 272 1
73 281 1
73 293 1
73 295 1
73 296 1
73 302 1
73 306 1
73 313 3
73 315 1
73 335 1
73 339 2
73 351 7
73 365 1
73 369 1
73 374 3
73 398 1
73 400 1
73 408 1
73 413 3
73 415 1
73 426 2
73 430 1
73 433 1
73 435 1
73 442 6
73 444 1
73 457 1
73 465 3
73 471 2
73 476 1
73 477 2
73 478 1
73 479 2
73 484 1
74 254 1
74 261 2
74 262 1
74 263 2
74 267 1
74 285 1
74 292 1
74 300 1
74 305 1
74 310 3
74 313 1
74 324 2
74 330 1
74 338 1
74 339 1
74 355 1
74 371 3
74 375 1
74 378 1
74 379 1
74 389 1
74 392 4
74 398 3
74 402 2
74 405 2
74 408 2
74 415 1
74 425 1
74 428 1
74 432 2
74 433 3
74 435 4
74 440 2
74 441 2
74 448 1
74 458 1
74 459 1
74 468 1
74 476 1
74 479 3
74 481 1
74 485 3
74 493 1
74 497 3
75 252 4
75 256 1
75 283 1
75 299 1
75 316 1
75 321 1
75 323 2
75 324 1
75 327 3
75 350 1
75 359 1
75 361 1
75 370 1
75 375 3
75 393 1
75 394 1
75 397 4
75 401 3
75 407 2
75 411 1
75 418 2
75 423 2
75 425 2
75 432 1
75 436 2
75 438 3
75 440 2
75 459 1
75 471 2
75 480 1
75 482 1
75 485 1
75 487 4
75 495 2
75 497 2
76 255 1
76 262 1
76 263 1
76 264 1
76 276 1
76 279 2
76 281 1
76 287 1
76 290 1
76 303 1
76 311 3
76 313 4
76 319 1
76 324 1
76 335 2
76 339 3
76 345 1
76 347 3
76 355 1
76 358 1
76 369 1
76 371 1
76 372 2
76 373 1
76 375 3
76 383 1
76 386 1
76 389 2
76 390 1
76 397 1
76 398 1
76 405 1
76 407 1
76 410 1
76 414 2
76 418 1
76 424 1
76 430 1
76 439 1
76 445 1
76 449 1
76 450 1
76 451 1
76 460 1
76 464 1
76 465 1
76 471 1
76 473 1
76 491 1
76 493 1
76 494 9
76 497 2
77 259 4
77 272 1
77 273 1
77 274 3
77 276 2
77 282 1
77 283 1
77 284 2
77 287 1
77 304 1
77 312 3
77 318 3
77 322 1
77 328 1
77 338 1
77 342 2
77 343 1
77 344 1
77 359 4
77 365 1
77 376 2
77 379 1
77 383 1
77 395 1
77 407 1
77 426 3
77 431 1
77 437 2
77 443 1
77 447 1
77 458 1
77 462 1
77 485 2
77 486 1
77 488 2
77 496 1
77 497 1
78 252 1
78 259 1
78 279 2
78 285 1
78 289 1
78 293 2
78 297 1
78 303 1
78 313 1
78 322 2
78 323 2
78 324 2
78 341 1
78 356 3
78 379 1
78 381 1
78 385 2
78 394 4
78 403 1
78 406 2
78 408 1
78 414 2
78 418 1
78 424 1
78 427 1
78 430 1
78 432 1
78 438 1
78 439 1
78 448 1
78 449 1
78 451 1
78 453 1
78 457 2
78 458 2
78 460 1
78 465 2
78 468 3
78 469 3
78 472 3
78 473 2
78 479 1
78 480 1
78 485 1
78 486 2
78 494 2
79 257 2
79 263 2
79 268 7
79 283 2
79 286 1
79 297 2
79 298 1
79 319 3
79 321 1
79 326 3
79 327 3
79 329 4
79 334 2
79 341 1
79 346 3
79 347 1
79 361 2
79 377 1
79 379 1
79 380 3
79 384 3
79 391 2
79 398 1
79 399 1
79 407 2
79 409 1
79 413 5
79 420 1
79 421 1
79 426 3
79 428 1
79 430 3
79 433 1
79 447 1
79 448 1
79 468 2
79 475 2
79 477 2
79 483 1
79 496 1
79 497 1
80 255 1
80 258 3
80 265 1
80 275 2
80 280 1
80 290 1
80 294 1
80 295 1
80 298 1
80 299 1
80 302 4
80 306 1
80 324 1
80 328 1
80 332 1
80 335 1
80 338 1
80 341 1
80 354 2
80 362 1
80 376 5
80 394 1
80 421 1
80 426 2
80 429 1
80 435 1
80 437 1
80 441 2
80 474 1
80 481 5
80 486 1
80 488 1
80 490 1
80 493 1
80 495 1
80 496 4
81 265 1
81 268 1
81 269 2
81 287 2
81 288 1
81 290 2
81 306 1
81 311 1
81 313 1
81 319 1
81 322 1
81 325 3
81 334 2
81 340 2
81 344 1
81 365 1
81 374 1
81 378 2
81 380 1
81 381 1
81 382 2
81 385 5
81 386 1
81 393 3
81 410 1
81 418 1
81 422 1
81 428 1
81 430 1
81 435 1
81 438 1
81 440 1
81 445 4
81 450 1
81 451 1
81 457 1
81 469 1
81 477 1
81 478 3
81 480 3
81 489 3
81 494 1
82 255 1
82 264 1
82 273 1
82 287 1
82 296 1
82 301 1
82 305 1
82 318 2
82 324 2
82 327 2
82 330 1
82 332 1
82 337 1
82 344 1
82 348 2
82 349 1
82 357 1
82 361 1
82 373 1
82 376 1
82 385 2
82 393 1
82 401 1
82 402 2
82 419 2
82 420 1
82 421 1
82 423 1
82 427 1
82 438 1
82 440 1
82 446 1
82 453 1
82 456 1
82 458 1
82 470 1
82 476 1
82 482 3
82 486 1
82 489 1
83 254 1
83 268 1
83 270 1
83 273 1
83 275 2
83 276 3
83 282 1
83 297 1
83 300 1
83 302 1
83 303 3
83 308 2
83 324 1
83 332 1
83 344 1
83 346 1
83 347 1
83 359 6
83 361 2
83 362 1
83 364 1
83 365 2
83 377 3
83 379 1
83 382 1
83 384 1
83 385 1
83 392 3
83 401 2
83 404 1
83 405 1
83 420 1
83 421 1
83 422 1
83 427 1
83 440 1
83 448 1
83 480 1
83 496 1
83 500 1
84 252 1
84 253 2
84 254 1
84 270 2
84 272 1
84 277 2
84 280 1
84 286 1
84 296 1
84 302 1
84 312 1
84 322 1
84 329 1
84 330 2
84 335 3
84 351 1
84 355 1
84 359 2
84 372 1
84 387 1
84 396 5
84 398 1
84 403 1
84 407 2
84 421 2
84 427 3
84 439 2
84 441 2
84 448 3
84 449 1
84 450 2
84 456 3
84 461 3
84 469 1
84 471 1
84 478 1
85 265 1
85 277 1
85 285 1
85 296 2
85 300 1
85 307 1
85 309 3
85 313 2
85 318 1
85 321 1
85 326 1
85 338 1
85 340 1
85 345 1
85 350 1
85 360 1
85 364 1
85 371 1
85 377 1
85 379 2
85 389 1
85 391 3
85 392 2
85 402 1
85 405 3
85 411 1
85 412 1
85 413 3
85 423 3
85 426 1
85 433 1
85 437 1
85 450 1
85 451 1
85 452 1
85 468 1
85 475 1
85 480 1
85 481 1
85 494 1
85 500 2
86 259 1
86 260 1
86 261 1
86 268 1
86 275 1
86 281 1
86 289 1
86 291 1
86 296 2
86 298 1
86 309 1
86 315 2
86 324 1
86 329 1
86 331 1
86 339 2
86 344 1
86 347 2
86 348 2
86 359 3
86 361 1
86 382 1
86 384 1
86 388 2
86 391 3
86 395 2
86 399 1
86 400 3
86 402 2
86 405 1
86 407 3
86 413 1
86 423 1
86 436 4
86 439 1
86 446 2
86 477 1
86 481 1
86 482 2
86 483 1
86 486 1
86 489 2
86 490 3
87 252 1
87 254 2
87 258 2
87 260 1
87 267 1
87 276 3
87 279 2
87 280 1
87 281 4
87 283 1
87 289 1
87 290 6
87 293 1
87 296 1
87 299 1
87 307 1
87 309 2
87 315 2
87 321 1
87 330 1
87 333 1
87 348 1
87 357 1
87 362 1
87 370 1
87 378 1
87 384 1
87 392 2
87 400 1
87 403 1
87 407 2
87 408 1
87 409 1
87 415 3
87 417 1
87 421 1
87 426 1
87 427 3
87 430 2
87 431 2
87 432 1
87 434 1
87 445 3
87 447 1
87 449 2
87 461 4
87 463 1
87 470 1
87 471 1
87 475 1
87 477 1
87 480 1
87 481 2
87 484 1
87 495 2
88 253 1
88 257 1
88 258 2
88 262 1
88 265 1
88 267 1
88 268 2
88 269 1
88 271 1
88 276 1
88 278 1
88 292 1
88 294 3
88 310 3
88 318 3
88 319 1
88 332 1
88 344 1
88 351 2
88 355 1
88 360 1
88 362 1
88 373 3
88 387 1
88 389 1
88 406 3
88 410 1
88 415 3
88 430 1
88 432 1
88 433 2
88 436 1
88 437 2
88 455 3
88 458 1
88 472 1
88 474 1
88 491 1
88 492 2
89 256 1
89 264 1
89 265 1
89 268 1
89 271 4
89 275 1
89 279 2
89 284 1
89 287 3
89 299 3
89 304 1
89 305 1
89 311 1
89 312 2
89 313 1
89 321 2
89 323 3
89 324 1
89 328 1
89 331 1
89 336 1
89 354 3
89 384 1
89 405 2
89 409 3
89 416 4
89 421 4
89 431 1
89 439 1
89 443 2
89 446 1
89 450 2
89 455 4
89 456 1
89 467 3
89 469 1
90 254 1
90 256 1
90 267 1
90 270 2
90 277 1
90 278 1
90 281 3
90 282 2
90 284 1
90 311 1
90 313 2
90 314 1
90 325 1
90 329 1
90 339 2
90 349 1
90 350 1
90 351 1
90 370 1
90 375 1
90 376 3
90 379 1
90 380 1
90 383 1
90 409 1
90 410 1
90 419 1
90 428 1
90 431 1
90 432 1
90 434 1
90 445 3
90 447 1
90 450 3
90 460 1
90 462 1
90 465 1
90 466 4
90 476 1
90 483 2
90 495 2
91 251 2
91 261 1
91 262 1
91 264 1
91 275 1
91 276 1
91 281 2
91 286 1
91 304 1
91 315 3
91 323 2
91 324 3
91 326 1
91 327 2
91 330 1
91 342 2
91 344 1
91 353 1
91 355 3
91 360 1
91 361 6
91 363 1
91 368 1
91 392 2
91 394 1
91 406 2
91 407 1
91 410 1
91 417 1
91 419 1
91 420 1
91 430 1
91 435 1
91 436 1
91 438 2
91 441 1
91 446 6
91 451 1
91 460 2
91 463 1
91 480 1
91 484 1
91 494 2
92 251 1
92 254 1
92 255 1
92 266 1
92 269 2
92 276 1
92 288 1
92 289 1
92 306 2
92 311 2
92 313 1
92 316 3
92 318 1
92 325 1
92 326 2
92 336 2
92 338 1
92 339 1
92 345 1
92 349 1
92 362 1
92 371 3
92 379 1
92 384 2
92 390 1
92 392 1
92 396 1
92 398 1
92 408 2
92 409 1
92 411 1
92 412 1
92 428 1
92 431 2
92 437 1
92 447 2
92 450 1
92 451 1
92 453 4
92 457 2
92 467 1
92 468 3
92 474 2
92 480 1
92 481 1
92 488 1
92 489 1
92 491 2
92 493 1
92 497 1
92 500 1
93 261 2
93 262 1
93 266 1
93 269 1
93 272 1
93 275 1
93 277 1
93 284 1
93 300 2
93 306 1
93 312 1
93 319 1
93 321 1
93 329 1
93 338 2
93 350 1
93 352 7
93 355 2
93 361 1
93 383 1
93 386 3
93 388 2
93 409 1
93 417 2
93 447 4
93 448 3
93 457 2
93 459 2
93 460 1
93 461 1
93 462 1
93 463 1
93 464 3
93 472 1
93 477 1
93 478 1
93 479 1
93 484 1
93 492 2
94 257 3
94 260 2
94 264 3
94 266 2
94 273 1
94 277 1
94 283 3
94 285 2
94 289 1
94 294 2
94 296 1
94 303 1
94 313 1
94 314 2
94 318 1
94 321 2
94 325 1
94 330 1
94 338 1
94 339 1
94 348 1
94 357 1
94 368 2
94 382 1
94 383 2
94 386 3
94 402 2
94 411 3
94 417 2
94 423 1
94 424 3
94 430 4
94 433 1
94 442 1
94 451 2
94 452 1
94 453 1
94 458 4
94 477 2
94 479 2
94 480 1
94 481 4
94 485 1
94 486 3
94 492 1
95 259 1
95 265 1
95 266 2
95 275 2
95 281 1
95 282 2
95 283 1
95 287 1
95 297 4
95 298 1
95 303 1
95 307 2
95 318 2
95 319 1
95 330 1
95 335 1
95 344 1
95 349 1
95 354 1
95 366 2
95 368 1
95 370 1
95 373 3
95 382 1
95 383 1
95 386 1
95 387 5
95 392 1
95 404 1
95 405 1
95 412 1
95 414 1
95 418 1
95 420 1
95 431 1
95 432 1
95 433 1
95 448 2
95 452 2
95 463 1
95 483 2
95 495 2
95 497 1
96 271 2
96 278 2
96 279 2
96 285 1
96 288 3
96 291 1
96 294 2
96 299 4
96 316 1
96 319 4
96 325 3
96 337 1
96 340 1
96 341 1
96 342 1
96 344 1
96 346 2
96 358 2
96 373 1
96 376 1
96 384 4
96 393 1
96 396 5
96 408 1
96 412 2
96 413 1
96 423 2
96 428 2
96 450 1
96 457 1
96 462 1
96 468 1
96 472 2
96 479 1
96 484 2
96 485 1
96 493 1
96 495 1
97 251 1
97 272 1
97 277 1
97 283 1
97 318 3
97 323 1
97 327 1
97 337 1
97 347 2
97 349 3
97 360 1
97 363 2
97 366 1
97 373 1
97 378 1
97 391 1
97 394 1
97 404 1
97 407 1
97 424 5
97 431 1
97 432 1
97 434 2
97 437 1
97 441 1
97 446 2
97 448 1
97 454 2
97 455 2
97 459 3
97 468 5
97 470 1
97 478 2
97 497 2
98 256 1
98 261 2
98 267 2
98 282 1
98 297 2
98 303 2
98 308 1
98 312 2
98 332 1
98 333 2
98 336 1
98 337 1
98 342 4
98 344 2
98 349 1
98 361 2
98 364 1
98 366 4
98 368 1
98 373 1
98 386 1
98 389 2
98 403 3
98 405 1
98 406 1
98 411 1
98 427 2
98 428 1
98 436 2
98 441 1
98 463 1
98 465 1
98 467 2
98 473 1
98 478 1
98 492 1
99 259 1
99 262 1
99 271 1
99 274 3
99 293 1
99 305 1
99 306 2
99 312 2
99 327 1
99 329 1
99 333 1
99 353 1
99 356 3
99 358 1
99 367 3
99 373 2
99 380 2
99 393 1
99 400 1
99 411 1
99 416 3
99 421 2
99 423 2
99 424 1
99 426 1
99 430 1
99 433 1
99 440 1
99 447 3
99 451 1
99 465 1
99 466 1
99 472 3
99 494 1
99 497 1
99 500 2
100 256 1
100 261 1
100 283 1
100 284 5
100 294 3
100 295 1
100 299 1
100 303 1
100 311 2
100 315 2
100 320 1
100 329 1
100 343 3
100 345 3
100 368 1
100 381 3
100 382 1
100 385 1
100 397 1
100 409 1
100 422 4
100 425 1
100 428 1
100 429 1
100 430 3
100 434 2
100 454 2
100 456 1
100 466 3
100 480 4
100 481 3
100 482 3
100 485 3
100 488 2
100 489 1
100 491 1
100 492 1
100 500 1
101 251 1
101 259 2
101 265 2
101 278 1
101 284 2
101 288 2
101 309 1
101 315 1
101 317 1
101 321 1
101 323 2
101 329 1
101 337 2
101 338 1
101 343 1
101 346 2
101 351 1
101 352 2
101 356 2
101 357 1
101 371 2
101 375 1
101 389 1
101 393 5
101 394 2
101 395 1
101 398 2
101 399 2
101 405 1
101 410 1
101 414 1
101 422 2
101 435 1
101 460 1
101 467 1
101 489 1
101 490 4
101 493 1
101 497 2
102 251 3
102 258 1
102 260 1
102 261 2
102 269 1
102 291 1
102 293 1
102 309 1
102 316 1
102 319 1
102 326 2
102 334 1
102 338 3
102 347 1
102 348 1
102 350 2
102 358 1
102 360 1
102 365 1
102 368 2
102 377 1
102 378 1
102 381 1
102 383 1
102 384 1
102 398 1
102 418 2
102 420 2
102 426 1
102 444 2
102 472 3
102 474 2
102 484 1
103 253 1
103 264 1
103 268 1
103 270 1
103 280 2
103 283 1
103 288 1
103 289 3
103 291 2
103 292 2
103 297 2
103 299 1
103 303 2
103 309 1
103 311 1
103 318 1
103 324 2
103 331 2
103 335 1
103 354 3
103 377 2
103 387 1
103 397 3
103 409 3
103 415 3
103 419 2
103 420 1
103 422 1
103 434 2
103 436 1
103 437 1
103 438 1
103 453 3
103 470 1
103 475 1
103 480 1
103 485 4
103 495 1
104 257 3
104 270 3
104 275 2
104 280 1
104 287 1
104 300 1
104 311 1
104 327 1
104 356 1
104 361 1
104 372 1
104 385 1
104 388 2
104 401 1
104 404 4
104 410 2
104 411 1
104 421 1
104 425 1
104 426 3
104 429 2
104 438 2
104 442 1
104 447 1
104 453 1
104 457 1
104 463 1
104 464 1
104 466 1
104 467 1
104 468 4
104 481 1
104 494 1
105 254 1
105 261 1
105 268 1
105 278 1
105 281 2
105 291 1
105 293 1
105 294 2
105 299 1
105 304 2
105 305 1
105 316 1
105 320 1
105 321 1
105 329 2
105 334 1
105 349 2
105 352 1
105 356 2
105 359 2
105 371 2
105 385 3
105 391 1
105 418 2
105 419 1
105 420 1
105 421 2
105 439 1
105 447 2
105 460 1
105 470 1
105 472 2
105 473 1
105 478 1
105 490 2
105 494 2
106 251 1
106 272 3
106 278 4
106 280 1
106 294 3
106 298 1
106 305 1
106 308 1
106 316 3
106 319 1
106 329 1
106 335 1
106 338 3
106 353 1
106 356 1
106 361 2
106 366 2
106 371 2
106 382 3
106 384 2
106 391 2
106 395 1
106 399 1
106 402 1
106 415 4
106 417 1
106 419 1
106 421 2
106 429 1
106 430 1
106 432 1
106 441 5
106 449 4
106 450 1
106 454 1
106 459 1
106 460 2
106 461 1
106 464 1
106 465 1
106 484 1
106 487 1
106 489 1
106 490 3
106 495 2
106 500 1
107 255 1
107 263 1
107 264 2
107 265 1
107 272 1
107 284 2
107 291 1
107 294 3
107 308 2
107 309 2
107 324 3
107 325 1
107 331 2
107 335 2
107 337 1
107 338 1
107 339 1
107 374 2
107 379 1
107 381 1
107 384 1
107 386 1
107 394 1
107 396 1
107 402 1
107 415 1
107 423 2
107 425 1
107 426 2
107 429 1
107 430 1
107 433 1
107 437 1
107 438 1
107 445 3
107 451 1
107 456 2
107 463 2
107 465 2
107 467 1
107 471 2
107 475 1
107 485 4
107 489 1
107 490 2
108 257 1
108 258 2
108 263 2
108 281 1
108 297 3
108 298 3
108 300 2
108 304 2
108 311 1
108 317 2
108 330 1
108 336 2
108 346 1
108 348 1
108 352 3
108 358 1
108 368 1
108 376 3
108 377 2
108 380 1
108 381 1
108 383 2
108 407 1
108 420 2
108 421 1
108 432 1
108 433 3
108 447 1
108 448 1
108 451 1
108 454 2
108 483 1
108 496 1
109 252 2
109 254 1
109 259 1
109 261 2
109 267 2
109 281 1
109 286 1
109 288 1
109 289 1
109 295 2
109 302 1
109 309 3
109 315 1
109 319 1
109 326 1
109 328 1
109 354 2
109 357 2
109 363 1
109 364 2
109 371 1
109 374 2
109 383 1
109 390 1
109 395 3
109 407 1
109 416 1
109 419 2
109 428 2
109 430 1
109 443 1
109 445 2
109 451 2
109 454 2
109 466 1
109 467 1
109 470 1
109 471 2
109 491 1
109 497 1
110 263 2
110 274 4
110 277 1
110 282 1
110 290 2
110 291 5
110 293 4
110 296 1
110 301 1
110 303 1
110 311 1
110 325 1
110 329 2
110 330 2
110 339 2
110 342 1
110 359 1
110 365 2
110 367 1
110 371 1
110 372 2
110 378 3
110 380 2
110 391 2
110 397 2
110 399 1
110 405 3
110 408 3
110 409 1
110 415 3
110 439 1
110 442 1
110 455 1
110 461 3
110 468 3
110 470 1
110 474 1
110 477 1
110 481 1
110 496 1
110 499 1
111 257 1
111 262 2
111 264 3
111 266 1
111 267 1
111 273 1
111 277 1
111 280 1
111 284 2
111 296 1
111 299 1
111 321 2
111 325 1
111 335 1
111 337 3
111 344 1
111 355 2
111 360 1
111 366 5
111 371 4
111 372 2
111 373 2
111 374 3
111 375 1
111 376 1
111 381 1
111 390 2
111 413 1
111 419 3
111 431 1
111 435 1
111 437 1
111 441 1
111 456 1
111 459 2
111 460 1
111 473 1
111 475 3
111 482 1
111 483 1
111 485 1
111 492 1
111 495 5
111 496 3
112 268 1
112 270 3
112 288 1
112 290 1
112 301 3
112 302 1
112 308 1
112 310 1
112 314 1
112 321 1
112 322 1
112 325 2
112 328 1
112 330 1
112 334 1
112 345 1
112 353 1
112 360 1
112 370 1
112 376 2
112 379 1
112 388 1
112 389 1
112 391 2
112 400 1
112 408 1
112 411 6
112 415 1
112 422 3
112 432 3
112 436 1
112 448 2
112 454 1
112 478 2
112 480 2
112 483 1
112 487 1
112 489 3
112 491 3
112 495 1
113 253 1
113 262 2
113 268 1
113 282 1
113 286 2
113 290 1
113 293 7
113 308 1
113 312 1
113 324 2
113 327 2
113 336 1
113 344 2
113 345 1
113 346 1
113 357 1
113 368 3
113 370 1
113 382 1
113 384 3
113 398 1
113 427 2
113 431 1
113 436 1
113 447 1
113 452 2
113 486 3
113 494 4
113 496 1
114 251 2
114 252 2
114 255 1
114 261 2
114 265 1
114 275 2
114 294 1
114 296 1
114 343 1
114 346 1
114 352 5
114 356 3
114 366 1
114 379 2
114 385 1
114 395 2
114 399 2
114 420 2
114 422 1
114 431 1
114 441 3
114 443 2
114 450 1
114 453 1
114 461 1
114 467 1
114 470 1
114 473 2
114 474 1
114 478 2
114 487 1
114 490 1
115 257 1
115 258 1
115 264 2
115 270 1
115 272 2
115 275 1
115 279 1
115 288 1
115 296 2
115 303 1
115 309 2
115 315 1
115 335 1
115 337 4
115 339 1
115 349 1
115 351 5
115 355 1
115 357 1
115 374 1
115 379 5
115 390 1
115 395 2
115 406 1
115 409 1
115 411 1
115 417 1
115 423 1
115 427 1
115 430 1
115 432 2
115 435 2
115 442 2
115 454 1
115 455 1
115 456 1
115 460 1
115 461 1
115 471 1
115 474 1
115 483 3
115 484 1
115 489 1
115 490 1
115 494 1
115 495 2
116 251 1
116 253 2
116 255 1
116 261 2
116 275 1
116 277 2
116 283 1
116 284 1
116 285 2
116 290 1
116 293 1
116 295 1
116 305 1
116 314 1
116 317 1
116 327 1
116 332 3
116 333 2
116 336 1
116 350 2
116 355 1
116 366 1
116 369 2
116 370 2
116 373 2
116 374 3
116 379 1
116 380 2
116 395 1
116 407 1
116 408 1
116 418 1
116 420 2
116 424 1
116 428 1
116 430 2
116 443 1
116 449 1
116 460 1
116 464 1
116 465 1
116 471 2
116 473 1
116 485 2
116 486 1
116 488 1
116 493 2
116 494 3
117 253 2
117 259 3
117 260 1
117 268 1
117 271 1
117 273 1
117 275 5
117 276 2
117 281 2
117 283 1
117 284 1
117 294 1
117 302 1
117 307 1
117 331 1
117 336 5
117 345 1
117 353 2
117 365 1
117 370 1
117 381 2
117 386 1
117 393 1
117 402 1
117 404 1
117 411 1
117 420 1
117 429 2
117 439 1
117 444 2
117 445 3
117 455 1
117 457 3
117 465 1
117 471 1
117 477 2
117 478 1
117 490 1
117 492 1
117 497 1
117 500 1
118 252 1
118 268 1
118 274 1
118 276 1
118 280 1
118 282 1
118 284 1
118 293 1
118 308 1
118 309 3
118 318 1
118 321 3
118 346 1
118 357 1
118 359 1
118 377 2
118 385 2
118 389 1
118 400 1
118 403 3
118 404 1
118 407 1
118 415 1
118 418 1
118 420 3
118 423 1
118 426 2
118 430 1
118 432 1
118 446 1
118 449 3
118 454 1
118 455 1
118 460 1
118 466 1
118 472 2
118 478 1
118 486 2
118 487 1
118 488 2
118 500 1
119 256 1
119 260 1
119 270 1
119 271 5
119 283 3
119 285 1
119 292 1
119 293 4
119 296 3
119 299 1
119 309 3
119 312 2
119 322 3
119 323 3
119 324 2
119 328 1
119 344 1
119 346 1
119 349 1
119 353 2
119 356 3
119 359 1
119 361 1
119 376 1
119 386 2
119 387 2
119 388 1
119 392 1
119 395 3
119 397 1
119 399 1
119 402 3
119 425 1
119 431 2
119 432 1
119 434 1
119 437 1
119 446 1
119 453 3
119 456 2
119 462 1
119 476 1
119 478 2
119 480 2
119 492 2
119 500 1
120 257 2
120 260 1
120 263 1
120 275 1
120 279 1
120 283 2
120 290 2
120 291 1
120 297 1
120 317 1
120 318 1
120 319 1
120 324 2
120 327 3
120 337 1
120 339 1
120 346 1
120 348 3
120 349 2
120 358 2
120 362 1
120 366 1
120 371 1
120 379 1
120 380 2
120 385 1
120 390 1
120 397 3
120 408 3
120 411 1
120 415 1
120 419 1
120 426 1
120 428 2
120 430 2
120 434 1
120 435 1
120 450 1
120 460 1
120 463 3
120 464 2
120 466 1
120 476 1
120 484 4
120 486 3
120 497 3
120 500 4
121 261 2
121 268 1
121 271 2
121 287 1
121 292 1
121 293 1
121 298 2
121 302 4
121 306 1
121 309 1
121 318 1
121 321 6
121 324 1
121 331 1
121 332 2
121 346 1
121 353 1
121 362 1
121 363 1
121 365 3
121 366 1
121 371 1
121 385 1
121 387 3
121 388 1
121 396 4
121 406 3
121 411 2
121 415 1
121 437 4
121 442 1
121 447 2
121 449 3
121 450 1
121 463 1
121 473 1
121 477 1
121 483 1
121 490 2
121 499 1
122 252 1
122 253 1
122 255 3
122 258 1
122 263 1
122 266 3
122 272 1
122 278 2
122 286 2
122 310 4
122 319 1
122 320 1
122 340 4
122 342 3
122 344 2
122 347 2
122 349 1
122 353 1
122 354 2
122 358 1
122 361 4
122 379 2
122 386 2
122 394 2
122 398 3
122 412 4
122 424 1
122 434 1
122 439 2
122 440 1
122 442 4
122 443 2
122 446 1
122 460 2
122 462 1
122 472 2
122 481 1
122 483 1
122 486 2
122 488 1
122 496 1
123 253 1
123 255 1
123 263 1
123 268 2
123 271 1
123 295 2
123 297 2
123 298 1
123 326 1
123 329 3
123 338 1
123 344 1
123 345 1
123 354 2
123 357 1
123 378 3
123 384 2
123 389 4
123 393 1
123 400 1
123 406 2
123 408 2
123 409 2
123 410 1
123 416 2
123 419 1
123 431 1
123 436 1
123 437 1
123 441 1
123 446 2
123 447 1
123 453 1
123 472 1
123 473 3
123 481 1
123 495 2
123 497 1
124 255 2
124 257 2
124 262 2
124 277 1
124 288 1
124 289 1
124 292 1
124 312 3
124 313 1
124 318 2
124 337 1
124 345 2
124 348 1
124 349 1
124 357 2
124 365 1
124 370 6
124 375 1
124 382 1
124 385 1
124 393 2
124 395 1
124 396 1
124 406 3
124 414 3
124 415 2
124 419 1
124 421 1
124 428 4
124 456 1
124 460 1
124 466 1
124 477 1
124 485 1
124 490 1
125 257 1
125 259 1
125 267 2
125 278 3
125 279 1
125 280 1
125 293 2
125 300 2
125 321 2
125 325 1
125 331 1
125 334 1
125 335 1
125 346 2
125 348 1
125 351 2
125 353 3
125 354 1
125 365 1
125 372 1
125 384 2
125 393 1
125 398 2
125 399 2
125 420 2
125 423 2
125 441 3
125 463 2
125 477 1
125 489 1
125 500 2
126 252 2
126 253 1
126 257 1
126 261 1
126 267 1
126 269 1
126 272 1
126 278 1
126 282 1
126 286 1
126 287 2
126 296 1
126 301 4
126 303 2
126 310 1
126 312 1
126 313 3
126 314 2
126 318 1
126 321 2
126 324 1
126 328 1
126 343 2
126 345 2
126 355 2
126 356 1
126 358 3
126 371 1
126 378 1
126 382 3
126 389 7
126 391 1
126 400 1
126 402 1
126 403 1
126 416 2
126 417 2
126 420 1
126 427 1
126 431 1
126 434 1
126 442 1
126 444 3
126 462 1
126 467 1
126 475 1
126 479 1
126 482 1
126 496 2
127 254 7
127 262 4
127 269 3
127 283 1
127 285 3
127 293 1
127 300 1
127 307 1
127 310 2
127 325 2
127 328 1
127 329 3
127 343 3
127 353 1
127 369 1
127 376 1
127 380 1
127 389 1
127 401 1
127 404 1
127 407 1
127 412 2
127 414 2
127 416 1
127 419 1
127 426 1
127 439 7
127 441 2
127 445 1
127 461 1
127 463 1
127 475 3
127 478 1
127 484 1
127 488 1
127 489 1
127 494 2
128 265 3
128 269 2
128 272 1
128 273 1
128 281 1
128 286 1
128 292 1
128 296 1
128 301 1
128 302 1
128 306 1
128 307 1
128 308 1
128 315 2
128 326 1
128 328 1
128 330 1
128 335 1
128 342 1
128 361 4
128 367 1
128 368 1
128 371 1
128 396 1
128 420 1
128 422 1
128 425 1
128 426 1
128 429 2
128 445 1
128 446 2
128 453 3
128 457 6
128 459 1
128 471 1
128 474 1
128 485 1
128 487 1
128 492 2
128 497 1
128 498 1
129 265 5
129 267 2
129 268 1
129 274 1
129 280 1
129 283 1
129 294 1
129 303 2
129 304 1
129 317 4
129 323 1
129 332 1
129 342 1
129 344 1
129 346 3
129 353 2
129 355 2
129 362 1
129 377 1
129 385 4
129 389 3
129 390 1
129 402 1
129 408 1
129 433 1
129 442 1
129 447 1
129 448 4
129 453 1
129 454 1
129 455 1
129 460 1
129 461 3
129 466 2
129 468 1
129 482 2
129 483 1
129 486 2
129 495 2
129 500 2
130 253 2
130 256 1
130 261 1
130 266 1
130 279 1
130 283 2
130 288 1
130 296 2
130 312 1
130 323 1
130 336 1
130 349 2
130 352 1
130 354 1
130 357 1
130 369 1
130 375 7
130 376 3
130 377 1
130 386 2
130 396 1
130 403 2
130 404 2
130 410 1
130 411 1
130 417 1
130 418 4
130 421 1
130 437 1
130 446 1
130 448 3
130 449 2
130 455 1
130 464 2
130 480 2
130 483 1
130 487 3
130 489 1
130 493 2
131 257 1
131 267 1
131 274 2
131 276 1
131 291 2
131 293 1
131 297 1
131 300 7
131 310 1
131 311 1
131 312 5
131 316 1
131 324 1
131 330 1
131 333 1
131 343 1
131 363 1
131 369 1
131 374 1
131 375 1
131 379 2
131 385 2
131 395 2
131 401 1
131 404 1
131 432 2
131 433 1
131 442 1
131 454 1
131 474 5
131 484 1
131 488 1
131 489 1
131 493 2
131 494 1
131 495 1
131 496 3
132 255 3
132 265 1
132 272 5
132 288 2
132 298 1
132 299 1
132 304 1
132 325 1
132 328 1
132 329 3
132 334 1
132 339 2
132 343 2
132 346 2
132 348 1
132 357 1
132 369 2
132 377 1
132 382 1
132 384 2
132 386 1
132 390 1
132 393 1
132 396 2
132 409 1
132 416 1
132 421 1
132 438 1
132 482 1
132 495 1
133 255 1
133 264 2
133 268 1
133 274 1
133 277 1
133 283 3
133 301 1
133 314 2
133 317 1
133 318 1
133 324 3
133 327 1
133 328 1
133 342 2
133 343 6
133 344 1
133 347 1
133 348 1
133 352 3
133 376 1
133 379 2
133 380 1
133 382 1
133 387 1
133 404 1
133 405 1
133 410 3
133 420 1
133 422 1
133 424 1
133 430 3
133 432 1
133 450 3
133 452 1
133 453 1
133 458 1
133 463 2
133 465 3
133 474 2
133 487 2
133 493 2
133 494 5
133 497 1
134 251 2
134 253 2
134 254 1
134 256 2
134 257 2
134 262 2
134 277 4
134 278 4
134 279 2
134 283 1
134 293 1
134 304 1
134 313 1
134 320 1
134 325 3
134 330 2
134 339 2
134 343 4
134 346 1
134 358 4
134 370 2
134 372 3
134 384 3
134 388 1
134 389 1
134 393 1
134 395 1
134 396 1
134 408 3
134 409 1
134 431 2
134 438 1
134 439 3
134 444 3
134 451 2
134 461 1
134 464 1
134 466 3
134 481 3
134 486 1
135 251 5
135 254 1
135 265 3
135 271 2
135 272 1
135 275 1
135 277 4
135 282 2
135 287 1
135 292 1
135 311 2
135 312 2
135 319 1
135 344 1
135 357 1
135 366 1
135 374 1
135 400 2
135 412 2
135 413 1
135 420 1
135 424 2
135 438 2
135 443 2
135 449 1
135 461 1
135 471 1
135 477 1
136 259 2
136 261 1
136 266 1
136 270 1
136 278 2
136 280 3
136 282 1
136 289 2
136 290 2
136 308 7
136 315 1
136 320 1
136 325 2
136 338 1
136 342 2
136 343 1
136 350 1
136 352 2
136 368 1
136 382 4
136 390 1
136 396 2
136 397 2
136 399 3
136 402 2
136 409 2
136 413 1
136 418 2
136 419 1
136 429 4
136 432 1
136 441 4
136 444 2
136 445 1
136 447 1
136 449 1
136 462 2
136 466 1
136 471 1
136 472 1
136 480 1
136 481 2
136 485 1
136 490 1
136 492 1
137 252 1
137 263 1
137 275 1
137 284 1
137 285 2
137 290 1
137 291 1
137 292 1
137 296 4
137 308 1
137 319 1
137 332 2
137 338 1
137 341 2
137 345 1
137 346 1
137 348 1
137 349 2
137 364 1
137 374 1
137 392 2
137 393 1
137 399 1
137 413 2
137 415 1
137 436 4
137 443 1
137 450 1
137 451 1
137 452 1
137 454 2
137 457 1
137 458 7
137 465 2
137 478 1
137 485 1
137 488 2
137 499 1
138 272 2
138 273 1
138 277 1
138 288 1
138 298 1
138 306 2
138 307 1
138 316 4
138 321 2
138 331 1
138 339 1
138 341 1
138 342 4
138 343 2
138 346 1
138 353 1
138 359 1
138 368 2
138 371 2
138 375 1
138 386 1
138 394 1
138 395 1
138 396 1
138 400 4
138 406 1
138 407 1
138 415 1
138 416 1
138 418 2
138 420 1
138 447 5
138 459 1
138 464 1
138 472 1
138 477 1
138 480 2
138 486 1
138 495 4
138 496 1
139 258 2
139 262 2
139 272 2
139 279 1
139 285 2
139 287 1
139 288 2
139 298 1
139 307 1
139 313 1
139 327 1
139 354 1
139 361 2
139 369 1
139 375 1
139 380 2
139 386 1
139 389 1
139 397 1
139 411 3
139 414 1
139 425 1
139 427 1
139 432 2
139 441 1
139 450 1
139 453 2
139 458 1
139 460 2
139 476 1
139 497 3
139 498 2
140 254 1
140 255 1
140 257 1
140 260 1
140 262 1
140 276 2
140 278 1
140 281 1
140 283 2
140 291 1
140 298 1
140 303 1
140 307 1
140 313 5
140 323 2
140 340 2
140 343 1
140 362 2
140 390 3
140 394 1
140 406 2
140 418 1
140 420 1
140 427 1
140 428 1
140 429 4
140 430 3
140 433 4
140 452 1
140 457 1
140 458 3
140 468 2
140 471 1
140 484 2
141 255 1
141 258 1
141 262 1
141 265 1
141 270 2
141 275 5
141 278 1
141 283 3
141 286 1
141 290 3
141 292 2
141 293 2
141 306 2
141 308 2
141 313 1
141 322 1
141 323 1
141 324 1
141 328 2
141 333 2
141 335 1
141 338 3
141 346 2
141 351 1
141 358 2
141 361 3
141 363 1
141 366 1
141 388 1
141 400 1
141 403 1
141 409 3
141 416 1
141 422 2
141 424 1
141 431 1
141 432 2
141 434 2
141 448 2
141 456 1
141 458 1
141 463 3
141 471 2
141 472 1
141 473 3
141 476 2
141 479 2
141 485 1
142 251 2
142 257 1
142 260 1
142 261 2
142 272 1
142 277 1
142 296 2
142 306 1
142 311 3
142 312 1
142 321 1
142 346 2
142 351 1
142 356 2
142 368 5
142 370 6
142 372 2
142 374 1
142 384 1
142 404 2
142 408 2
142 413 1
142 417 1
142 419 1
142 422 1
142 430 1
142 433 1
142 439 1
142 440 1
142 446 2
142 450 1
142 459 2
142 462 1
142 493 2
142 500 2
143 258 3
143 266 1
143 271 1
143 280 1
143 288 1
143 289 1
143 304 1
143 307 2
143 312 1
143 314 1
143 323 1
143 326 1
143 327 3
143 334 2
143 337 1
143 345 1
143 350 1
143 361 1
143 362 1
143 384 1
143 387 1
143 389 1
143 390 1
143 401 6
143 405 1
143 412 1
143 415 1
143 421 1
143 430 1
143 441 1
143 442 2
143 445 3
143 461 1
143 470 1
143 473 3
143 485 2
143 492 1
144 252 2
144 262 1
144 270 4
144 272 4
144 277 2
144 282 2
144 283 1
144 286 1
144 311 1
144 313 1
144 317 1
144 320 3
144 326 3
144 329 1
144 332 5
144 349 1
144 355 1
144 357 2
144 362 1
144 364 1
144 374 1
144 375 1
144 376 2
144 380 1
144 383 1
144 385 1
144 390 2
144 401 1
144 406 3
144 430 3
144 432 1
144 443 3
144 447 1
144 451 3
144 464 1
144 466 1
144 479 1
145 251 2
145 261 1
145 268 3
145 280 1
145 283 2
145 285 1
145 286 5
145 289 1
145 293 1
145 296 1
145 305 1
145 315 1
145 323 1
145 327 1
145 329 1
145 331 1
145 336 1
145 338 2
145 341 1
145 354 1
145 361 1
145 379 3
145 380 1
145 392 1
145 410 1
145 413 2
145 418 1
145 425 1
145 426 1
145 433 3
145 447 2
145 486 5
145 488 3
145 490 3
145 491 1
145 498 4
146 251 1
146 258 1
146 261 1
146 263 1
146 268 1
146 271 1
146 285 1
146 287 2
146 290 2
146 296 1
146 300 1
146 303 1
146 306 1
146 307 1
146 315 1
146 325 1
146 332 1
146 333 1
146 334 4
146 335 1
146 336 1
146 337 1
146 344 1
146 349 1
146 351 1
146 375 1
146 382 1
146 403 2
146 405 2
146 409 2
146 414 2
146 427 1
146 454 1
146 460 2
146 462 2
146 472 2
146 476 1
146 483 1
146 484 1
146 488 1
146 489 2
146 492 2
147 251 2
147 265 1
147 266 1
147 267 2
147 285 1
147 295 2
147 297 2
147 305 1
147 317 3
147 318 1
147 336 1
147 339 2
147 340 1
147 347 1
147 357 2
147 370 2
147 381 1
147 390 1
147 395 1
147 396 1
147 425 1
147 426 1
147 427 1
147 429 1
147 431 3
147 432 1
147 433 1
147 439 1
147 446 1
147 456 1
147 460 2
147 466 1
147 475 2
147 481 2
147 494 2
147 495 1
147 496 1
148 270 2
148 299 1
148 308 1
148 311 1
148 312 1
148 316 1
148 317 1
148 318 2
148 325 1
148 331 2
148 335 2
148 342 2
148 346 2
148 347 1
148 350 1
148 354 2
148 357 2
148 359 2
148 361 1
148 373 1
148 377 1
148 379 3
148 381 1
148 384 2
148 391 2
148 392 2
148 396 1
148 408 1
148 411 2
148 415 4
148 416 5
148 417 2
148 422 1
148 432 1
148 433 4
148 437 2
148 450 1
148 457 1
148 463 2
148 471 2
148 476 1
148 478 1
148 479 1
148 487 1
148 492 1
148 496 1
148 497 2
149 256 1
149 266 1
149 272 3
149 282 1
149 284 4
149 285 1
149 288 1
149 299 1
149 313 1
149 321 2
149 325 1
149 334 3
149 336 1
149 340 1
149 345 3
149 351 1
149 354 1
149 356 2
149 358 1
149 365 1
149 369 1
149 383 1
149 387 1
149 391 2
149 394 2
149 399 1
149 402 1
149 412 2
149 413 1
149 415 3
149 417 1
149 418 1
149 419 1
149 429 1
149 431 2
149 432 1
149 435 1
149 441 2
149 449 4
149 456 1
149 465 1
149 472 1
149 479 1
149 480 1
149 484 1
149 485 1
149 487 2
149 491 1
149 496 1
150 251 1
150 255 1
150 260 1
150 266 2
150 334 1
150 342 2
150 347 1
150 349 6
150 353 1
150 363 1
150 368 2
150 372 1
150 381 3
150 399 2
150 411 3
150 415 3
150 421 1
150 424 1
150 431 2
150 433 2
150 449 1
150 450 1
150 459 1
150 461 4
150 465 1
150 470 2
150 473 2
150 479 1
150 484 2
150 486 1
150 494 1
151 256 2
151 269 1
151 270 1
151 272 2
151 284 1
151 289 1
151 294 1
151 298 2
151 317 1
151 318 4
151 322 1
151 327 2
151 328 1
151 329 1
151 330 1
151 336 1
151 338 1
151 351 2
151 360 1
151 362 2
151 371 1
151 373 2
151 400 1
151 412 1
151 421 2
151 427 5
151 436 1
151 437 1
151 467 1
151 482 2
151 483 1
151 488 2
151 490 1
152 252 2
152 256 1
152 257 1
152 260 3
152 268 4
152 275 2
152 281 2
152 290 1
152 295 1
152 298 1
152 323 1
152 324 1
152 337 1
152 340 1
152 343 1
152 345 1
152 347 1
152 357 2
152 358 2
152 359 3
152 362 3
152 379 1
152 382 1
152 392 1
152 394 1
152 398 1
152 402 1
152 409 1
152 416 1
152 417 3
152 419 3
152 422 1
152 435 1
152 444 1
152 453 1
152 456 1
152 463 1
152 480 1
152 481 2
152 489 2
152 490 2
152 491 1
152 493 4
152 498 1
153 252 2
153 254 1
153 257 2
153 288 2
153 295 2
153 296 2
153 297 1
153 298 2
153 302 1
153 314 1
153 337 1
153 343 1
153 344 1
153 347 1
153 348 1
153 356 3
153 362 3
153 364 1
153 366 1
153 369 2
153 372 1
153 376 1
153 388 2
153 389 1
153 393 3
153 398 2
153 419 1
153 425 5
153 435 2
153 441 2
153 443 1
153 451 3
153 465 1
153 472 1
153 473 2
153 483 1
153 484 1
153 496 1
153 497 2
154 254 1
154 255 1
154 257 2
154 259 2
154 260 1
154 263 1
154 267 2
154 271 1
154 281 2
154 290 1
154 295 1
154 302 1
154 303 2
154 315 1
154 318 1
154 319 1
154 329 1
154 337 1
154 342 2
154 345 1
154 347 1
154 349 1
154 351 2
154 355 1
154 357 1
154 363 5
154 373 1
154 378 1
154 383 5
154 396 1
154 404 1
154 411 1
154 418 2
154 422 1
154 425 1
154 428 1
154 434 1
154 436 2
154 442 1
154 443 1
154 453 1
154 455 1
154 457 1
154 458 1
154 463 1
154 466 1
154 467 1
154 471 1
155 256 2
155 258 1
155 263 1
155 265 1
155 267 1
155 286 1
155 288 1
155 292 3
155 295 1
155 297 1
155 301 2
155 315 2
155 316 3
155 321 1
155 323 1
155 327 7
155 335 2
155 340 1
155 344 1
155 349 1
155 351 1
155 362 1
155 366 1
155 372 2
155 373 1
155 387 2
155 394 1
155 401 4
155 405 2
155 421 1
155 425 1
155 428 2
155 437 1
155 443 1
155 444 2
155 445 1
155 460 1
155 473 1
155 485 1
155 488 1
155 491 1
155 494 2
155 496 3
156 251 1
156 256 1
156 258 1
156 262 1
156 266 3
156 278 1
156 279 4
156 285 3
156 296 1
156 309 1
156 318 2
156 319 1
156 326 1
156 337 1
156 345 6
156 348 1
156 356 1
156 362 1
156 365 2
156 369 1
156 371 1
156 372 2
156 382 1
156 383 3
156 386 3
156 392 1
156 393 1
156 396 1
156 406 1
156 409 1
156 412 2
156 413 1
156 422 1
156 432 1
156 434 2
156 447 1
156 457 2
156 461 4
156 464 1
156 470 3
156 475 1
156 482 1
156 485 1
156 487 1
156 493 1
156 495 1
157 266 2
157 268 1
157 276 2
157 283 3
157 295 1
157 299 3
157 302 5
157 304 3
157 316 1
157 324 1
157 337 3
157 341 1
157 352 3
157 361 1
157 363 3
157 369 2
157 376 1
157 377 1
157 378 1
157 392 1
157 400 2
157 415 2
157 417 1
157 424 1
157 437 1
157 449 1
157 450 6
157 453 1
157 461 1
157 472 2
157 485 1
157 495 3
157 496 2
158 253 1
158 263 1
158 268 2
158 270 1
158 272 1
158 273 1
158 281 1
158 291 1
158 301 1
158 305 1
158 309 2
158 320 2
158 326 1
158 334 3
158 338 1
158 339 1
158 347 2
158 356 1
158 361 1
158 370 1
158 376 2
158 377 2
158 378 2
158 383 1
158 387 6
158 389 1
158 390 1
158 391 2
158 397 1
158 402 2
158 414 1
158 417 1
158 420 1
158 421 1
158 423 3
158 427 1
158 430 1
158 439 1
158 442 2
158 450 3
158 464 1
158 475 1
158 485 2
158 499 1
159 255 1
159 257 1
159 266 1
159 268 1
159 277 1
159 289 1
159 299 2
159 314 1
159 316 1
159 317 1
159 320 1
159 330 2
159 354 2
159 360 2
159 364 1
159 366 2
159 370 4
159 374 1
159 380 3
159 385 1
159 389 1
159 390 2
159 392 1
159 396 4
159 404 1
159 405 1
159 406 3
159 407 2
159 412 1
159 414 1
159 421 3
159 426 1
159 436 1
159 437 1
159 443 1
159 474 1
159 477 3
159 479 1
159 490 1
159 496 1
159 499 2
160 260 6
160 280 1
160 283 3
160 287 1
160 298 2
160 330 2
160 331 3
160 334 1
160 347 2
160 349 1
160 364 1
160 365 1
160 366 1
160 367 1
160 368 3
160 371 2
160 377 1
160 378 1
160 381 1
160 383 3
160 385 2
160 391 4
160 401 1
160 404 2
160 407 2
160 409 3
160 416 1
160 425 1
160 440 1
160 442 1
160 443 1
160 453 2
160 457 1
160 476 2
160 477 2
160 480 1
160 489 1
160 490 1
160 495 1
160 500 1
161 255 1
161 268 1
161 275 2
161 279 1
161 282 3
161 290 2
161 298 1
161 302 1
161 306 1
161 310 2
161 315 3
161 321 3
161 326 1
161 328 1
161 330 1
161 333 2
161 357 1
161 371 1
161 374 1
161 377 2
161 385 2
161 392 1
161 404 1
161 406 2
161 409 1
161 427 1
161 428 7
161 431 1
161 436 1
161 438 1
161 449 1
161 451 1
161 467 1
161 483 1
161 485 1
161 487 3
161 494 2
161 498 1
162 251 2
162 252 1
162 257 1
162 260 4
162 264 1
162 265 1
162 267 3
162 274 1
162 275 2
162 282 1
162 293 2
162 297 1
162 301 2
162 303 1
162 308 1
162 312 1
162 321 1
162 323 1
162 325 1
162 330 2
162 336 1
162 339 2
162 343 1
162 350 3
162 359 1
162 361 1
162 366 2
162 370 4
162 372 1
162 376 2
162 381 2
162 388 1
162 402 1
162 405 1
162 409 3
162 428 1
162 440 1
162 445 1
162 453 2
162 460 2
162 471 2
162 474 1
162 476 1
163 259 5
163 261 1
163 265 1
163 266 1
163 275 2
163 288 1
163 299 1
163 314 1
163 321 1
163 326 1
163 327 2
163 337 1
163 338 1
163 340 1
163 342 1
163 343 1
163 350 1
163 351 2
163 363 1
163 366 1
163 369 1
163 374 1
163 378 2
163 380 3
163 381 2
163 392 1
163 406 1
163 420 2
163 421 1
163 428 1
163 441 1
163 442 1
163 445 1
163 447 1
163 458 2
163 459 1
163 470 1
163 471 4
163 476 1
163 479 1
163 480 5
163 481 1
163 489 1
163 493 1
164 251 1
164 262 1
164 267 1
164 270 2
164 272 1
164 273 3
164 277 1
164 286 1
164 295 3
164 300 1
164 301 1
164 306 1
164 308 1
164 320 1
164 323 1
164 325 1
164 326 2
164 336 2
164 342 1
164 349 1
164 357 3
164 358 3
164 370 2
164 373 2
164 375 1
164 377 1
164 379 1
164 381 2
164 385 1
164 386 1
164 395 2
164 400 2
164 401 1
164 405 1
164 412 2
164 416 1
164 418 1
164 420 2
164 423 1
164 430 1
164 441 1
164 458 2
164 460 1
164 464 2
164 465 1
164 466 1
164 468 5
164 478 2
164 491 1
164 492 3
164 497 1
164 500 1
165 254 1
165 291 1
165 294 1
165 306 1
165 307 1
165 308 1
165 310 1
165 321 1
165 346 1
165 347 1
165 350 1
165 353 2
165 360 1
165 370 4
165 377 1
165 378 1
165 380 1
165 381 1
165 383 1
165 385 1
165 386 1
165 392 2
165 396 1
165 403 1
165 412 1
165 418 1
165 419 1
165 421 1
165 425 1
165 436 2
165 441 2
165 449 1
165 462 1
165 471 1
165 483 4
165 484 2
165 488 2
165 498 1
166 266 4
166 270 1
166 272 1
166 281 2
166 295 2
166 302 1
166 307 1
166 310 1
166 319 1
166 330 1
166 335 2
166 343 3
166 345 1
166 354 7
166 361 1
166 390 2
166 393 1
166 396 1
166 397 1
166 400 2
166 405 1
166 407 2
166 408 2
166 415 5
166 420 1
166 423 2
166 446 1
166 454 1
166 464 1
166 473 2
166 479 2
166 488 2
166 499 3
167 259 4
167 262 4
167 267 1
167 269 1
167 278 1
167 290 1
167 297 4
167 300 2
167 307 1
167 308 1
167 316 1
167 318 1
167 319 1
167 325 3
167 338 2
167 340 1
167 342 1
167 366 6
167 372 1
167 377 1
167 380 1
167 389 1
167 399 1
167 434 2
167 438 2
167 443 1
167 445 1
167 458 1
167 466 2
167 473 1
167 481 2
167 483 2
167 485 1
167 489 2
168 253 1
168 259 2
168 260 1
168 265 3
168 272 1
168 295 1
168 296 1
168 302 2
168 304 3
168 306 1
168 309 1
168 310 1
168 312 1
168 316 2
168 320 4
168 323 3
168 330 2
168 332 1
168 334 1
168 335 2
168 337 1
168 340 1
168 342 1
168 366 1
168 368 1
168 374 1
168 408 2
168 413 3
168 416 3
168 423 1
168 435 2
168 439 3
168 442 2
168 451 1
168 453 1
168 475 5
168 477 1
168 486 1
168 489 1
168 492 1
168 493 2
168 494 1
169 261 1
169 266 2
169 285 1
169 290 1
169 298 1
169 304 2
169 315 1
169 316 2
169 319 1
169 325 3
169 333 1
169 346 1
169 350 1
169 352 1
169 359 2
169 361 1
169 369 1
169 373 1
169 382 3
169 383 2
169 387 2
169 391 2
169 392 1
169 395 3
169 402 1
169 407 1
169 421 1
169 430 1
169 452 1
169 473 1
169 475 2
169 485 1
169 500 1
170 251 2
170 253 1
170 254 1
170 260 1
170 263 1
170 286 1
170 287 2
170 296 1
170 297 1
170 312 1
170 318 1
170 324 1
170 329 1
170 333 1
170 338 1
170 340 1
170 346 1
170 350 1
170 356 2
170 364 2
170 372 2
170 373 1
170 377 1
170 382 1
170 386 1
170 405 2
170 413 1
170 417 2
170 421 1
170 422 2
170 432 2
170 451 1
170 453 1
170 459 1
170 474 2
170 491 3
170 498 1
170 499 1
171 251 1
171 254 3
171 255 1
171 259 1
171 284 2
171 290 1
171 298 1
171 300 1
171 302 1
171 303 4
171 307 4
171 311 1
171 313 2
171 315 2
171 316 1
171 319 2
171 327 2
171 334 2
171 343 1
171 345 2
171 359 1
171 367 1
171 368 1
171 381 1
171 400 1
171 403 5
171 420 2
171 422 1
171 426 4
171 441 1
171 446 3
171 449 1
171 456 3
171 457 3
171 467 3
171 468 1
171 471 4
171 488 3
171 497 1
172 259 1
172 261 3
172 267 1
172 278 1
172 290 1
172 302 1
172 328 1
172 330 2
172 333 2
172 338 2
172 339 3
172 349 1
172 353 3
172 358 1
172 360 1
172 367 3
172 374 6
172 375 2
172 376 3
172 390 1
172 392 2
172 393 2
172 396 1
172 397 1
172 403 1
172 410 3
172 414 1
172 416 1
172 419 1
172 421 2
172 425 2
172 437 2
172 444 1
172 453 1
172 454 1
172 465 2
172 471 2
172 474 1
172 489 1
172 490 1
173 253 1
173 254 1
173 257 1
173 259 1
173 261 2
173 265 1
173 267 1
173 275 2
173 292 1
173 293 1
173 301 2
173 302 2
173 307 1
173 309 1
173 314 1
173 318 2
173 323 1
173 326 2
173 331 1
173 332 1
173 333 1
173 350 1
173 351 1
173 367 1
173 372 2
173 373 1
173 377 1
173 399 1
173 400 2
173 403 1
173 404 3
173 414 1
173 428 3
173 429 1
173 430 2
173 434 1
173 443 2
173 446 1
173 455 1
173 466 1
173 468 1
173 473 1
173 485 1
173 488 1
173 492 2
174 253 1
174 271 1
174 274 2
174 276 1
174 282 2
174 285 1
174 292 1
174 304 1
174 307 2
174 309 1
174 322 1
174 325 1
174 333 1
174 336 1
174 350 1
174 352 1
174 353 1
174 354 1
174 368 3
174 371 2
174 387 1
174 388 1
174 389 1
174 394 1
174 398 1
174 402 2
174 405 3
174 409 1
174 418 1
174 419 4
174 427 1
174 428 1
174 431 1
174 434 1
174 444 2
174 449 2
174 450 1
174 454 1
174 466 2
174 467 2
174 472 1
174 475 2
174 478 2
174 486 2
174 489 1
174 498 1
175 258 1
175 271 1
175 275 1
175 280 1
175 288 2
175 292 2
175 296 1
175 304 1
175 307 1
175 314 1
175 338 1
175 342 1
175 343 1
175 349 1
175 350 2
175 353 1
175 354 2
175 355 1
175 359 1
175 368 2
175 377 1
175 380 1
175 390 1
175 397 1
175 406 3
175 409 2
175 414 4
175 416 1
175 425 1
175 429 2
175 430 1
175 447 1
175 453 1
175 464 3
175 466 1
175 468 1
175 493 2
176 271 2
176 274 1
176 278 1
176 284 1
176 292 4
176 298 2
176 300 1
176 302 1
176 310 1
176 315 1
176 317 1
176 322 4
176 323 1
176 324 1
176 331 1
176 332 2
176 338 1
176 340 1
176 346 1
176 347 1
176 351 1
176 353 1
176 370 1
176 379 1
176 381 1
176 384 2
176 388 1
176 409 2
176 416 1
176 417 1
176 424 1
176 430 1
176 435 1
176 445 1
176 453 3
176 454 1
176 471 1
176 474 1
176 480 1
176 489 1
176 491 1
177 253 1
177 269 1
177 270 1
177 277 1
177 278 3
177 280 1
177 281 2
177 284 2
177 287 1
177 288 1
177 296 1
177 302 2
177 303 3
177 310 1
177 316 1
177 332 4
177 342 2
177 345 2
177 354 1
177 357 1
177 359 1
177 370 1
177 384 1
177 407 2
177 409 4
177 415 2
177 423 1
177 427 1
177 438 1
177 458 1
177 460 3
177 462 1
177 463 1
177 481 1
177 495 1
177 500 1
178 251 2
178 254 1
178 258 1
178 264 1
178 272 2
178 275 2
178 286 1
178 287 3
178 289 1
178 290 1
178 291 1
178 300 1
178 302 1
178 305 2
178 311 5
178 317 3
178 325 1
178 326 1
178 340 3
178 341 3
178 342 1
178 348 2
178 361 2
178 362 1
178 372 2
178 375 3
178 389 2
178 392 1
178 394 1
178 399 4
178 400 3
178 402 2
178 404 3
178 422 2
178 428 1
178 429 1
178 432 2
178 433 2
178 436 1
178 446 3
178 454 2
178 456 1
178 460 2
178 470 2
178 475 1
178 484 1
178 485 1
178 486 1
178 495 3
178 497 2
179 254 2
179 263 1
179 270 1
179 279 1
179 284 1
179 287 1
179 296 1
179 325 1
179 328 1
179 329 2
179 332 1
179 339 1
179 347 3
179 351 1
179 359 1
179 366 1
179 369 2
179 383 1
179 384 1
179 394 1
179 395 1
179 396 1
179 399 1
179 404 2
179 415 1
179 423 1
179 427 3
179 437 1
179 440 5
179 443 1
179 450 1
179 452 2
179 456 1
179 466 2
179 478 2
179 490 1
179 496 1
180 260 1
180 263 2
180 264 1
180 274 1
180 276 2
180 278 1
180 282 1
180 302 1
180 305 1
180 312 2
180 324 1
180 325 1
180 327 1
180 328 2
180 329 2
180 347 1
180 360 1
180 361 6
180 372 1
180 380 2
180 382 1
180 384 3
180 390 1
180 392 1
180 393 2
180 395 4
180 396 2
180 401 1
180 405 1
180 416 1
180 418 1
180 432 2
180 442 1
180 450 3
180 456 4
180 457 1
180 468 3
180 471 3
180 481 1
180 488 1
180 498 4
181 255 3
181 261 2
181 264 1
181 269 2
181 271 1
181 272 2
181 282 3
181 295 1
181 296 1
181 297 1
181 309 2
181 313 1
181 330 3
181 335 1
181 340 1
181 350 1
181 351 1
181 353 1
181 360 1
181 370 1
181 385 2
181 401 1
181 402 1
181 405 3
181 406 2
181 418 2
181 425 1
181 430 1
181 436 2
181 438 3
181 454 3
181 455 3
181 460 1
181 468 2
181 475 1
181 494 1
182 263 1
182 265 2
182 276 3
182 280 1
182 288 1
182 313 2
182 314 1
182 316 1
182 321 1
182 327 1
182 353 1
182 363 1
182 375 1
182 400 5
182 404 1
182 409 1
182 411 3
182 421 3
182 422 1
182 440 5
182 441 1
182 449 4
182 462 1
182 476 1
182 482 1
182 492 2
183 256 3
183 263 2
183 269 1
183 283 4
183 311 2
183 317 5
183 321 1
183 322 1
183 334 4
183 335 1
183 339 1
183 348 1
183 359 1
183 368 1
183 372 1
183 374 1
183 377 1
183 381 2
183 386 1
183 388 1
183 391 1
183 394 1
183 395 1
183 396 1
183 401 1
183 406 4
183 424 1
183 444 1
183 452 3
183 453 1
183 467 1
183 474 2
183 478 2
183 488 1
183 499 4
184 261 2
184 263 1
184 267 1
184 274 2
184 281 1
184 282 1
184 286 1
184 292 1
184 294 1
184 298 1
184 303 2
184 308 2
184 311 1
184 312 1
184 329 1
184 331 2
184 335 1
184 339 2
184 341 2
184 343 1
184 352 2
184 363 1
184 370 1
184 373 1
184 379 2
184 388 1
184 406 2
184 417 1
184 420 2
184 446 1
184 448 3
184 453 1
184 454 4
184 455 1
184 459 1
184 461 1
184 462 1
184 465 1
184 466 2
184 472 2
184 499 1
185 254 1
185 256 1
185 258 1
185 262 2
185 265 1
185 281 1
185 287 2
185 288 2
185 300 1
185 301 1
185 315 1
185 324 4
185 332 3
185 333 1
185 343 1
185 350 1
185 357 2
185 358 2
185 362 1
185 371 1
185 373 1
185 375 1
185 376 1
185 381 3
185 385 1
185 391 1
185 393 2
185 394 1
185 398 1
185 401 2
185 418 3
185 420 1
185 425 2
185 432 2
185 435 1
185 437 1
185 452 2
185 476 2
185 490 1
185 496 2
186 254 2
186 263 1
186 264 1
186 269 1
186 274 1
186 276 1
186 281 1
186 283 4
186 289 1
186 295 3
186 297 2
186 298 1
186 301 1
186 306 1
186 318 1
186 319 2
186 334 7
186 347 2
186 357 1
186 358 1
186 365 1
186 375 1
186 395 1
186 397 1
186 405 1
186 408 1
186 413 1
186 417 1
186 423 1
186 431 1
186 438 1
186 452 1
186 462 1
186 473 1
186 479 1
186 480 1
186 482 2
186 484 1
186 495 1
187 251 2
187 252 2
187 257 1
187 274 4
187 275 3
187 276 1
187 284 4
187 290 1
187 293 1
187 294 2
187 300 1
187 306 1
187 308 1
187 309 3
187 313 1
187 315 2
187 323 1
187 346 2
187 358 2
187 363 1
187 372 2
187 380 1
187 386 1
187 392 3
187 393 1
187 396 1
187 397 3
187 398 4
187 399 1
187 402 2
187 405 1
187 408 2
187 409 2
187 423 1
187 425 1
187 426 1
187 432 2
187 440 1
187 443 1
187 444 2
187 481 1
188 254 3
188 263 2
188 264 1
188 270 1
188 275 3
188 284 1
188 288 2
188 292 2
188 294 1
188 302 2
188 311 3
188 320 1
188 327 2
188 330 1
188 338 1
188 340 1
188 344 2
188 351 1
188 356 1
188 366 1
188 369 2
188 380 1
188 381 1
188 383 3
188 391 1
188 393 1
188 398 1
188 409 1
188 414 1
188 416 3
188 434 1
188 435 2
188 440 1
188 441 2
188 445 1
188 447 1
188 455 1
188 456 1
188 459 2
188 469 1
188 476 1
188 483 2
188 493 2
188 498 1
188 500 1
189 263 1
189 271 1
189 288 1
189 298 1
189 301 3
189 303 1
189 306 1
189 315 1
189 323 1
189 330 2
189 331 1
189 339 1
189 347 1
189 357 1
189 368 1
189 384 1
189 391 2
189 396 3
189 397 3
189 400 1
189 404 3
189 407 1
189 410 1
189 411 4
189 417 2
189 426 1
189 436 1
189 438 1
189 441 1
189 446 1
189 460 2
189 462 3
189 466 1
189 479 1
189 484 3
189 488 1
189 498 3
189 499 2
190 262 1
190 264 1
190 267 4
190 272 1
190 273 1
190 274 1
190 280 1
190 283 1
190 284 2
190 286 1
190 289 1
190 305 1
190 306 4
190 308 1
190 309 1
190 312 3
190 316 1
190 320 1
190 332 3
190 337 1
190 343 1
190 356 1
190 360 2
190 363 1
190 365 1
190 370 2
190 371 1
190 374 1
190 375 1
190 385 1
190 394 1
190 397 1
190 408 1
190 412 1
190 413 1
190 419 1
190 424 3
190 426 2
190 427 1
190 432 1
190 437 1
190 455 1
190 457 2
190 468 1
190 475 2
190 478 2
190 484 1
190 499 1
191 257 1
191 263 1
191 275 1
191 278 3
191 285 1
191 292 1
191 298 2
191 300 2
191 322 1
191 328 1
191 332 2
191 337 1
191 347 1
191 348 2
191 352 1
191 358 1
191 361 5
191 366 1
191 373 3
191 383 1
191 405 2
191 407 1
191 408 3
191 414 1
191 418 1
191 422 3
191 425 1
191 429 2
191 448 1
191 475 1
191 484 1
191 491 1
191 492 1
191 494 1
191 498 3
191 500 1
192 252 1
192 269 2
192 286 3
192 289 1
192 304 1
192 318 1
192 342 2
192 349 3
192 357 1
192 366 3
192 367 1
192 374 1
192 375 1
192 386 1
192 403 1
192 405 2
192 407 1
192 414 1
192 417 1
192 418 1
192 430 1
192 431 1
192 435 1
192 436 2
192 440 1
192 446 2
192 452 2
192 453 2
192 462 1
192 469 1
192 471 1
192 472 1
192 473 1
192 481 1
192 489 1
192 500 3
193 252 1
193 253 1
193 264 2
193 268 1
193 274 1
193 276 3
193 279 1
193 281 2
193 286 7
193 297 2
193 306 1
193 311 2
193 323 2
193 324 3
193 345 1
193 348 2
193 352 2
193 354 1
193 361 1
193 378 2
193 384 1
193 389 1
193 391 3
193 401 1
193 413 1
193 417 3
193 422 3
193 423 1
193 424 3
193 427 1
193 429 1
193 435 1
193 437 1
193 451 1
193 457 1
193 459 1
193 461 1
193 468 1
193 485 2
193 486 2
193 489 1
193 490 1
193 494 1
193 497 2
194 253 2
194 255 2
194 269 3
194 274 1
194 290 2
194 298 2
194 303 1
194 304 1
194 309 1
194 312 1
194 313 1
194 314 1
194 317 1
194 322 3
194 324 1
194 343 4
194 359 2
194 360 2
194 372 1
194 390 1
194 393 1
194 394 1
194 412 3
194 416 1
194 419 2
194 423 1
194 428 1
194 438 1
194 440 1
194 441 1
194 446 1
194 450 1
194 453 3
194 468 4
194 475 1
194 479 2
194 488 1
194 490 1
195 263 1
195 267 2
195 268 1
195 274 1
195 275 5
195 284 2
195 309 1
195 327 2
195 334 2
195 342 1
195 351 1
195 352 1
195 360 2
195 365 1
195 367 3
195 370 1
195 371 4
195 376 1
195 389 1
195 393 1
195 397 3
195 416 2
195 432 1
195 441 1
195 443 1
195 447 2
195 450 1
195 453 1
195 457 1
195 468 1
195 484 3
195 490 7
195 492 3
195 493 1
196 260 4
196 265 1
196 269 1
196 277 3
196 293 1
196 296 1
196 336 1
196 343 1
196 346 1
196 348 2
196 349 1
196 352 1
196 356 1
196 371 1
196 378 1
196 379 2
196 380 1
196 390 2
196 391 1
196 402 1
196 408 1
196 409 1
196 413 1
196 417 1
196 419 1
196 428 2
196 432 8
196 442 1
196 445 3
196 446 1
196 450 1
196 451 1
196 460 1
196 465 2
196 472 1
196 475 1
196 480 2
196 482 2
196 483 3
196 490 4
196 491 2
196 494 2
197 252 1
197 254 3
197 264 1
197 268 6
197 275 1
197 292 1
197 314 1
197 321 1
197 326 2
197 346 1
197 369 6
197 372 1
197 380 1
197 392 1
197 399 1
197 407 1
197 413 2
197 419 1
197 428 1
197 430 1
197 435 3
197 440 1
197 462 1
197 466 1
197 471 1
197 477 2
197 479 2
197 491 1
198 254 1
198 258 2
198 271 4
198 282 1
198 303 1
198 309 1
198 317 1
198 339 1
198 341 1
198 347 2
198 348 1
198 351 1
198 356 1
198 368 2
198 373 5
198 379 1
198 390 2
198 397 1
198 400 1
198 416 1
198 419 3
198 426 1
198 431 1
198 432 1
198 438 2
198 455 3
198 467 1
198 471 1
198 480 1
198 488 1
198 493 1
199 251 1
199 252 2
199 264 1
199 265 2
199 270 1
199 280 1
199 283 1
199 287 1
199 289 1
199 290 1
199 292 1
199 293 1
199 301 1
199 307 2
199 308 1
199 309 2
199 311 2
199 325 3
199 328 2
199 348 2
199 349 1
199 351 1
199 362 1
199 363 1
199 371 1
199 372 3
199 385 2
199 392 1
199 395 2
199 399 2
199 401 1
199 408 1
199 418 2
199 429 1
199 433 1
199 438 1
199 443 3
199 444 1
199 445 1
199 447 1
199 448 2
199 449 1
199 450 1
199 452 1
199 456 1
199 466 1
199 469 1
199 471 1
199 499 1
200 252 2
200 262 2
200 265 1
200 289 1
200 290 1
200 310 1
200 316 1
200 319 2
200 325 3
200 344 1
200 349 2
200 365 1
200 370 1
200 383 1
200 404 1
200 405 3
200 422 1
200 440 1
200 451 1
200 452 1
200 457 1
200 472 1
200 474 1
200 484 1
201 251 3
201 253 1
201 256 1
201 258 1
201 263 1
201 276 1
201 280 1
201 281 1
201 300 1
201 303 2
201 304 2
201 311 3
201 327 3
201 329 3
201 331 1
201 333 2
201 340 1
201 346 1
201 350 2
201 379 1
201 386 1
201 389 1
201 396 1
201 405 2
201 412 1
201 415 1
201 419 1
201 423 2
201 431 1
201 436 2
201 449 3
201 450 2
201 465 4
201 470 2
201 471 1
201 480 1
201 483 1
201 488 1
201 489 1
201 493 1
201 496 1
201 498 1
202 282 2
202 293 1
202 308 2
202 315 1
202 323 3
202 326 1
202 330 1
202 332 1
202 335 1
202 338 3
202 340 1
202 342 1
202 345 2
202 361 1
202 369 2
202 373 2
202 379 1
202 383 2
202 384 1
202 389 1
202 397 1
202 402 1
202 408 1
202 411 1
202 423 1
202 427 2
202 441 1
202 447 2
202 448 1
202 459 1
202 484 1
202 499 1
203 252 1
203 256 1
203 263 1
203 280 1
203 284 2
203 291 1
203 294 1
203 305 1
203 306 2
203 307 1
203 308 2
203 317 1
203 319 2
203 323 1
203 327 4
203 329 2
203 334 1
203 340 2
203 348 1
203 352 1
203 355 1
203 362 1
203 379 1
203 385 1
203 391 1
203 399 1
203 405 2
203 409 2
203 412 1
203 416 1
203 417 1
203 421 1
203 426 3
203 430 1
203 437 1
203 443 1
203 444 1
203 448 1
203 462 2
203 465 1
203 468 1
203 470 2
203 472 1
203 486 3
203 494 1
204 253 1
204 258 1
204 271 5
204 272 1
204 274 2
204 276 1
204 280 3
204 285 1
204 287 4
204 296 1
204 297 2
204 300 2
204 312 1
204 313 1
204 317 1
204 318 3
204 319 2
204 328 5
204 332 1
204 339 3
204 345 1
204 354 2
204 361 1
204 363 1
204 369 1
204 373 2
204 377 1
204 385 1
204 398 2
204 401 1
204 406 1
204 410 1
204 416 3
204 424 3
204 429 1
204 439 2
204 441 1
204 450 1
204 453 1
204 457 1
204 459 1
204 461 1
204 466 1
204 484 1
204 493 2
204 495 1
204 497 2
204 499 2
205 251 1
205 264 1
205 268 2
205 270 1
205 271 1
205 281 3
205 287 2
205 295 6
205 298 1
205 299 1
205 303 2
205 305 1
205 320 1
205 321 2
205 322 1
205 328 1
205 345 1
205 354 1
205 363 1
205 367 1
205 373 1
205 374 1
205 383 1
205 395 2
205 403 2
205 406 2
205 415 2
205 430 1
205 436 1
205 439 2
205 455 1
205 467 1
205 500 3
206 255 1
206 265 1
206 270 1
206 279 1
206 294 3
206 298 4
206 315 2
206 319 2
206 323 1
206 331 1
206 333 1
206 342 1
206 388 4
206 408 2
206 409 1
206 411 2
206 412 1
206 413 2
206 424 1
206 435 2
206 444 1
206 449 1
206 451 1
206 463 1
206 468 3
206 470 1
206 477 2
206 484 2
206 486 2
206 489 2
206 496 1
207 257 2
207 258 2
207 260 3
207 269 1
207 282 4
207 289 1
207 290 3
207 304 1
207 308 4
207 309 1
207 319 1
207 323 1
207 326 1
207 328 1
207 329 1
207 342 1
207 343 1
207 360 1
207 361 2
207 363 1
207 367 2
207 371 1
207 372 2
207 379 4
207 404 1
207 409 2
207 418 3
207 420 3
207 427 1
207 456 2
207 468 3
207 469 1
207 471 1
207 472 1
207 473 1
207 474 2
207 496 1
207 497 1
208 257 1
208 264 2
208 267 1
208 268 4
208 269 1
208 270 1
208 271 1
208 272 1
208 275 1
208 279 1
208 301 2
208 302 1
208 305 1
208 306 2
208 308 3
208 311 1
208 314 2
208 324 1
208 335 1
208 348 3
208 352 2
208 355 2
208 357 1
208 361 1
208 370 1
208 371 1
208 377 1
208 391 1
208 396 2
208 414 1
208 415 1
208 420 4
208 425 1
208 460 1
208 467 1
208 492 2
208 494 1
208 496 2
208 497 1
209 253 1
209 257 2
209 267 1
209 271 1
209 280 3
209 282 1
209 287 2
209 293 2
209 296 1
209 300 1
209 312 3
209 329 2
209 333 1
209 334 1
209 344 2
209 345 1
209 354 1
209 360 1
209 366 1
209 376 1
209 377 1
209 378 1
209 380 3
209 389 1
209 395 1
209 397 1
209 399 1
209 401 2
209 404 3
209 408 1
209 417 3
209 424 2
209 429 1
209 430 1
209 433 1
209 434 1
209 436 2
209 438 2
209 441 1
209 454 4
209 455 3
209 457 1
209 461 1
209 469 3
209 476 2
209 480 1
209 483 1
210 251 1
210 254 3
210 256 1
210 266 2
210 269 3
210 271 1
210 276 1
210 279 1
210 280 1
210 287 1
210 289 1
210 300 1
210 304 2
210 316 1
210 321 1
210 322 1
210 323 1
210 326 1
210 328 3
210 335 1
210 341 1
210 344 1
210 349 2
210 352 2
210 353 2
210 358 2
210 376 1
210 382 1
210 397 1
210 405 1
210 407 1
210 417 3
210 421 1
210 423 2
210 430 1
210 434 4
210 436 2
210 442 1
210 451 1
210 463 2
210 466 1
210 469 1
210 470 1
210 496 1
211 264 2
211 265 1
211 270 1
211 283 1
211 286 1
211 301 1
211 309 1
211 317 1
211 320 1
211 327 2
211 344 1
211 346 1
211 350 1
211 353 1
211 356 2
211 371 1
211 373 1
211 391 1
211 394 1
211 398 1
211 407 3
211 410 1
211 414 3
211 428 1
211 440 4
211 449 1
211 461 1
211 465 2
211 469 2
211 470 1
211 473 2
211 484 4
211 488 2
212 252 2
212 254 1
212 266 1
212 268 2
212 270 1
212 287 2
212 288 2
212 294 1
212 319 1
212 338 2
212 354 1
212 356 3
212 361 1
212 368 1
212 369 1
212 370 1
212 383 1
212 391 1
212 397 3
212 399 3
212 410 1
212 411 1
212 413 1
212 414 2
212 420 1
212 426 1
212 428 1
212 429 2
212 452 1
212 458 3
212 463 2
212 467 1
212 469 1
212 473 1
212 481 1
212 484 1
212 487 4
212 498 1
213 260 2
213 268 1
213 276 1
213 279 1
213 281 3
213 310 3
213 313 1
213 314 1
213 325 1
213 331 1
213 343 1
213 344 1
213 348 1
213 355 1
213 370 1
213 377 1
213 387 1
213 392 2
213 397 1
213 405 4
213 407 1
213 411 2
213 427 1
213 440 1
213 441 3
213 456 1
213 457 2
213 467 1
213 469 1
213 471 3
213 473 6
213 481 1
213 482 3
214 252 1
214 256 1
214 257 1
214 266 1
214 284 2
214 294 1
214 297 3
214 299 1
214 300 2
214 301 2
214 310 3
214 316 2
214 319 1
214 323 4
214 331 1
214 338 1
214 353 2
214 362 1
214 364 2
214 372 2
214 378 7
214 381 1
214 382 1
214 384 1
214 392 2
214 395 1
214 398 1
214 416 2
214 417 1
214 418 1
214 432 1
214 435 3
214 442 3
214 444 1
214 446 1
214 451 1
214 458 1
214 461 1
214 471 1
214 472 1
214 477 4
214 484 3
214 487 1
214 493 1
215 256 1
215 259 1
215 262 2
215 263 1
215 265 2
215 270 1
215 280 1
215 282 3
215 286 1
215 306 1
215 308 2
215 325 5
215 327 1
215 332 1
215 352 3
215 359 1
215 379 1
215 388 1
215 389 1
215 398 1
215 400 1
215 403 1
215 412 1
215 415 1
215 419 2
215 440 1
215 453 1
215 461 1
215 464 1
215 468 2
215 480 1
215 485 1
215 489 1
215 494 1
216 251 3
216 253 3
216 257 1
216 268 1
216 271 1
216 275 1
216 276 1
216 283 2
216 287 1
216 291 1
216 297 2
216 302 1
216 304 1
216 321 1
216 322 1
216 330 3
216 333 3
216 336 1
216 343 1
216 350 2
216 356 5
216 358 1
216 363 3
216 364 1
216 384 1
216 386 1
216 388 2
216 391 2
216 396 3
216 405 1
216 411 2
216 419 1
216 425 1
216 427 3
216 445 1
216 448 1
216 454 1
216 465 2
216 474 1
216 477 3
216 487 1
216 499 1
217 258 1
217 260 2
217 275 3
217 277 1
217 279 1
217 282 2
217 283 2
217 294 1
217 300 2
217 301 1
217 313 1
217 319 3
217 335 2
217 336 3
217 344 1
217 347 1
217 349 2
217 367 2
217 368 1
217 371 1
217 372 1
217 380 2
217 381 3
217 383 1
217 394 1
217 395 1
217 405 2
217 407 2
217 411 2
217 415 2
217 418 1
217 420 1
217 428 2
217 429 1
217 431 1
217 434 1
217 440 1
217 444 2
217 450 1
217 459 1
217 462 2
217 469 3
217 477 2
217 480 1
217 481 1
217 491 1
218 258 1
218 276 1
218 277 1
218 281 1
218 288 2
218 299 1
218 313 3
218 328 1
218 332 1
218 350 1
218 352 1
218 353 1
218 357 1
218 370 1
218 378 1
218 379 3
218 383 1
218 390 2
218 391 1
218 395 2
218 414 2
218 422 1
218 424 1
218 431 1
218 434 2
218 438 2
218 449 1
218 455 1
218 457 1
218 459 1
218 476 1
218 483 1
218 485 2
218 500 1
219 260 4
219 265 1
219 275 1
219 276 1
219 286 1
219 288 1
219 295 1
219 296 4
219 309 2
219 311 2
219 313 3
219 318 1
219 321 1
219 326 1
219 333 2
219 334 1
219 335 1
219 337 1
219 351 2
219 353 1
219 354 2
219 363 2
219 366 2
219 371 1
219 382 1
219 384 1
219 388 3
219 390 1
219 400 3
219 406 1
219 414 1
219 427 1
219 430 1
219 440 1
219 443 1
219 450 1
219 453 1
219 456 1
219 466 1
219 470 1
219 480 1
219 490 1
219 495 2
219 496 5
220 255 1
220 262 1
220 268 3
220 271 1
220 280 3
220 282 1
220 285 2
220 287 1
220 288 1
220 293 2
220 307 1
220 308 2
220 310 2
220 313 1
220 316 1
220 320 2
220 327 1
220 328 1
220 330 1
220 336 2
220 346 1
220 350 3
220 360 1
220 364 1
220 368 1
220 374 2
220 377 1
220 381 1
220 390 1
220 393 1
220 394 1
220 403 1
220 408 1
220 411 1
220 413 2
220 415 1
220 416 1
220 427 2
220 428 2
220 440 2
220 442 1
220 443 2
220 448 2
220 455 1
220 457 1
220 461 1
220 469 1
220 475 1
220 478 2
220 487 1
220 494 1
220 499 2
221 251 1
221 256 5
221 264 2
221 267 3
221 280 1
221 293 1
221 303 2
221 309 1
221 324 4
221 326 2
221 345 2
221 353 2
221 358 5
221 360 2
221 361 1
221 374 1
221 375 4
221 385 1
221 390 1
221 391 1
221 394 1
221 406 1
221 412 1
221 419 2
221 431 2
221 436 2
221 440 1
221 443 1
221 455 1
221 457 1
221 459 2
221 472 1
221 473 1
221 479 2
221 490 1
221 496 4
222 251 1
222 253 5
222 258 1
222 262 1
222 268 2
222 284 1
222 288 1
222 302 1
222 334 1
222 335 1
222 360 3
222 361 3
222 363 1
222 364 2
222 367 1
222 369 1
222 376 1
222 382 1
222 383 1
222 391 1
222 400 1
222 402 3
222 416 2
222 423 1
222 426 2
222 435 6
222 436 2
222 447 2
222 450 3
222 452 1
222 454 3
222 487 1
222 500 2
223 256 2
223 266 1
223 270 3
223 281 3
223 287 1
223 303 2
223 312 1
223 317 1
223 331 2
223 333 1
223 347 2
223 355 3
223 357 1
223 363 1
223 366 2
223 375 1
223 383 1
223 386 2
223 392 1
223 403 1
223 408 1
223 424 1
223 428 1
223 443 4
223 452 2
223 455 3
223 457 2
223 461 3
223 465 1
223 466 2
223 469 2
223 472 1
223 478 1
223 485 1
223 493 1
223 495 2
223 499 1
224 267 2
224 276 1
224 277 1
224 278 1
224 289 2
224 300 3
224 301 1
224 304 2
224 308 1
224 315 1
224 320 1
224 328 5
224 331 2
224 333 1
224 337 1
224 338 1
224 346 2
224 350 1
224 357 1
224 361 1
224 364 1
224 378 4
224 381 1
224 392 2
224 394 1
224 398 1
224 407 1
224 408 3
224 418 1
224 428 1
224 434 1
224 436 2
224 440 1
224 442 1
224 454 1
224 466 4
224 470 1
224 478 4
224 479 1
224 485 1
224 494 1
225 252 1
225 253 3
225 255 2
225 266 1
225 267 1
225 268 1
225 276 3
225 279 1
225 294 1
225 297 1
225 304 1
225 308 1
225 313 2
225 319 1
225 326 1
225 334 1
225 346 1
225 350 1
225 352 2
225 354 1
225 359 2
225 360 2
225 366 3
225 370 1
225 372 1
225 375 2
225 378 3
225 382 2
225 384 3
225 395 1
225 399 2
225 406 1
225 417 3
225 421 1
225 427 1
225 428 2
225 436 1
225 437 1
225 438 1
225 445 2
225 446 3
225 469 2
225 473 1
225 474 1
225 477 1
225 485 1
225 486 1
225 495 2
225 496 1
226 253 2
226 275 2
226 295 2
226 302 1
226 310 1
226 319 1
226 327 3
226 330 2
226 340 1
226 345 3
226 348 2
226 357 3
226 363 1
226 372 1
226 373 2
226 379 2
226 389 2
226 394 3
226 407 1
226 418 2
226 419 3
226 420 2
226 421 1
226 423 3
226 432 1
226 437 2
226 439 2
226 444 1
226 478 1
226 479 1
226 488 1
226 494 1
226 495 1
227 265 1
227 266 2
227 277 1
227 285 1
227 286 1
227 291 1
227 300 1
227 302 1
227 313 1
227 326 1
227 346 1
227 350 3
227 361 1
227 369 1
227 380 1
227 388 2
227 390 2
227 404 2
227 407 1
227 412 1
227 413 1
227 415 1
227 426 1
227 431 1
227 443 1
227 445 1
227 454 1
227 459 1
227 464 1
227 466 2
227 473 1
227 474 1
227 475 1
227 500 3
228 253 1
228 258 4
228 259 1
228 264 1
228 271 1
228 282 2
228 286 1
228 290 2
228 298 1
228 302 1
228 308 2
228 317 2
228 318 1
228 327 1
228 328 2
228 334 1
228 335 1
228 340 2
228 347 1
228 355 3
228 362 1
228 370 2
228 375 1
228 388 3
228 389 1
228 396 1
228 398 1
228 403 1
228 407 1
228 409 2
228 410 3
228 411 2
228 413 2
228 417 2
228 423 1
228 430 2
228 437 1
228 442 4
228 444 1
228 445 1
228 450 1
228 453 1
228 459 2
228 463 1
228 464 3
228 468 1
228 473 1
228 482 1
228 490 1
228 497 1
229 258 3
229 261 2
229 262 1
229 268 1
229 270 1
229 272 1
229 275 1
229 282 1
229 286 2
229 288 1
229 291 1
229 305 2
229 314 1
229 315 2
229 320 1
229 321 1
229 328 3
229 336 3
229 337 2
229 338 3
229 348 1
229 349 1
229 357 1
229 365 1
229 371 1
229 393 2
229 395 2
229 401 1
229 403 1
229 408 2
229 413 1
229 420 2
229 423 1
229 430 1
229 442 1
229 444 2
229 446 1
229 468 1
229 480 1
229 488 1
229 490 1
229 492 1
229 494 1
230 251 1
230 256 3
230 260 1
230 271 2
230 273 1
230 275 1
230 278 1
230 285 1
230 286 1
230 287 2
230 293 1
230 295 1
230 297 1
230 308 2
230 310 1
230 323 1
230 324 1
230 328 3
230 340 1
230 344 1
230 345 1
230 358 1
230 361 1
230 366 4
230 376 1
230 394 1
230 400 2
230 404 1
230 406 4
230 408 1
230 414 1
230 415 1
230 416 1
230 419 1
230 443 2
230 444 1
230 446 1
230 451 1
230 455 2
230 467 1
230 472 1
230 474 1
230 482 1
230 486 3
230 496 2
230 498 1
231 262 1
231 265 1
231 272 2
231 273 3
231 277 2
231 278 1
231 280 2
231 281 1
231 283 1
231 285 2
231 288 3
231 291 1
231 298 1
231 303 1
231 304 1
231 305 2
231 322 5
231 324 6
231 325 1
231 331 1
231 332 1
231 336 1
231 337 1
231 338 1
231 351 1
231 354 2
231 363 1
231 371 1
231 372 2
231 374 3
231 376 1
231 378 3
231 379 1
231 381 1
231 384 1
231 385 1
231 387 1
231 390 2
231 398 3
231 401 1
231 407 2
231 408 1
231 409 1
231 411 2
231 436 1
231 441 2
231 446 2
231 448 1
231 455 3
231 457 2
231 466 1
231 469 1
231 474 1
231 479 2
231 484 2
231 491 1
231 492 1
231 496 1
232 254 1
232 256 1
232 262 1
232 263 1
232 282 1
232 284 2
232 288 1
232 290 1
232 298 1
232 302 1
232 323 2
232 326 1
232 329 1
232 332 1
232 335 2
232 349 2
232 352 3
232 372 1
232 373 1
232 394 1
232 395 1
232 408 1
232 415 1
232 418 1
232 427 1
232 431 1
232 432 3
232 441 1
232 447 1
232 465 2
232 475 1
232 483 1
232 488 2
232 489 2
232 491 2
232 497 1
232 498 1
232 500 1
233 263 1
233 274 3
233 308 1
233 310 1
233 311 1
233 321 1
233 323 2
233 327 1
233 332 1
233 338 1
233 341 1
233 344 1
233 345 2
233 352 1
233 371 1
233 375 3
233 380 1
233 382 3
233 383 2
233 384 2
233 394 1
233 395 1
233 403 1
233 430 1
233 432 1
233 436 3
233 443 1
233 446 1
233 471 1
233 480 1
233 498 3
234 254 2
234 256 1
234 263 1
234 270 1
234 277 1
234 291 3
234 308 2
234 318 1
234 320 2
234 323 1
234 324 1
234 328 1
234 337 1
234 338 1
234 339 4
234 340 1
234 351 1
234 361 1
234 366 2
234 367 3
234 372 2
234 376 3
234 386 2
234 390 2
234 401 4
234 403 5
234 408 7
234 410 1
234 413 1
234 415 1
234 420 1
234 428 2
234 432 1
234 433 1
234 437 1
234 463 1
234 471 1
234 477 1
234 484 3
234 488 2
235 261 2
235 262 7
235 289 1
235 293 2
235 301 1
235 302 2
235 305 3
235 306 3
235 317 1
235 331 2
235 338 1
235 340 1
235 342 3
235 363 2
235 366 1
235 369 1
235 374 1
235 382 2
235 384 1
235 385 1
235 399 1
235 402 1
235 404 1
235 410 1
235 415 1
235 418 1
235 438 2
235 449 1
235 450 1
235 454 1
235 455 2
235 466 1
235 472 1
235 475 1
235 484 3
235 487 2
235 490 2
236 252 3
236 256 2
236 261 1
236 272 2
236 273 2
236 299 1
236 309 1
236 318 2
236 324 2
236 328 2
236 335 1
236 337 1
236 343 1
236 347 1
236 357 2
236 362 1
236 365 1
236 388 3
236 398 2
236 399 1
236 401 3
236 405 2
236 415 1
236 433 1
236 439 2
236 440 1
236 442 1
236 444 2
236 470 1
236 471 1
236 472 1
236 477 1
236 497 1
236 500 1
237 260 1
237 271 1
237 272 5
237 281 3
237 291 5
237 293 1
237 299 2
237 309 1
237 314 1
237 318 6
237 333 1
237 337 1
237 344 1
237 345 1
237 351 1
237 354 2
237 356 3
237 358 4
237 363 1
237 367 1
237 368 2
237 373 2
237 377 4
237 394 3
237 396 1
237 405 2
237 410 3
237 414 1
237 416 1
237 423 3
237 424 1
237 428 1
237 434 1
237 440 1
237 441 2
237 448 2
237 452 1
237 461 2
237 469 1
237 473 1
237 487 3
237 496 3
238 259 3
238 277 2
238 285 1
238 300 2
238 302 2
238 309 4
238 313 1
238 319 1
238 322 2
238 325 1
238 326 2
238 344 1
238 350 1
238 356 1
238 357 1
238 368 2
238 370 2
238 373 1
238 396 1
238 398 2
238 401 2
238 404 1
238 405 1
238 418 3
238 419 2
238 420 2
238 424 2
238 426 1
238 427 1
238 430 2
238 431 1
238 440 1
238 444 2
238 452 1
238 458 1
238 459 1
238 464 2
238 467 1
238 469 1
238 476 1
238 478 2
238 479 1
238 484 1
238 487 1
238 490 1
239 253 1
239 260 4
239 261 5
239 269 2
239 290 1
239 295 1
239 299 3
239 307 2
239 311 1
239 327 1
239 340 1
239 347 1
239 353 1
239 354 1
239 357 1
239 364 1
239 371 1
239 372 1
239 375 1
239 377 2
239 378 3
239 379 2
239 386 2
239 392 2
239 394 1
239 403 1
239 420 1
239 424 1
239 429 1
239 439 3
239 441 1
239 455 1
239 456 1
239 461 3
239 467 2
239 468 2
239 475 1
239 479 1
239 485 3
239 495 2
239 496 2
239 500 1
240 255 2
240 276 1
240 277 3
240 284 1
240 285 1
240 293 1
240 300 3
240 308 1
240 314 2
240 317 1
240 324 1
240 333 1
240 345 1
240 351 1
240 361 2
240 375 1
240 384 2
240 385 1
240 386 1
240 388 4
240 392 1
240 394 1
240 396 1
240 398 1
240 405 2
240 412 2
240 415 1
240 421 2
240 466 4
240 472 1
240 475 2
240 493 1
240 494 3
240 499 1
241 253 1
241 258 1
241 259 1
241 278 1
241 280 2
241 283 1
241 290 1
241 294 1
241 300 1
241 304 1
241 317 1
241 318 1
241 319 3
241 321 2
241 339 1
241 340 4
241 346 1
241 353 1
241 355 1
241 362 1
241 382 1
241 383 1
241 386 1
241 400 1
241 404 2
241 421 6
241 428 4
241 430 1
241 435 1
241 445 2
241 449 3
241 457 1
241 465 2
241 472 1
241 494 1
241 495 1
242 251 1
242 259 1
242 261 1
242 269 2
242 293 1
242 302 1
242 303 1
242 313 1
242 318 3
242 335 1
242 336 1
242 338 1
242 339 1
242 342 1
242 346 2
242 348 2
242 370 2
242 377 2
242 383 1
242 393 1
242 394 1
242 398 1
242 403 1
242 404 1
242 418 2
242 429 2
242 430 3
242 431 1
242 445 2
242 460 3
242 463 1
242 474 2
242 479 1
242 480 2
242 486 1
242 493 1
242 498 1
243 260 1
243 262 1
243 263 2
243 264 2
243 265 1
243 267 2
243 273 2
243 277 1
243 280 1
243 290 3
243 293 1
243 296 2
243 300 1
243 302 1
243 318 1
243 321 1
243 323 1
243 331 1
243 342 3
243 375 3
243 389 2
243 390 2
243 392 1
243 397 1
243 406 1
243 422 1
243 427 2
243 431 1
243 435 1
243 436 1
243 439 1
243 440 1
243 441 2
243 453 1
243 463 2
243 470 2
243 477 1
243 482 2
243 498 2
244 256 1
244 264 1
244 270 3
244 274 1
244 283 1
244 286 1
244 291 1
244 304 1
244 305 6
244 316 1
244 323 1
244 329 1
244 332 2
244 341 1
244 345 1
244 346 1
244 348 3
244 361 1
244 364 2
244 365 1
244 368 1
244 374 2
244 379 2
244 381 2
244 393 1
244 395 1
244 405 1
244 429 1
244 435 1
244 445 3
244 448 1
244 457 1
244 477 2
244 480 3
244 483 2
244 484 2
244 485 1
244 492 1
244 494 3
244 498 1
244 499 1
244 500 1
245 251 2
245 265 1
245 267 4
245 276 1
245 282 1
245 283 3
245 288 1
245 291 1
245 313 1
245 325 1
245 331 2
245 333 1
245 334 2
245 343 1
245 351 1
245 352 1
245 356 2
245 358 1
245 365 1
245 388 2
245 402 1
245 407 1
245 412 2
245 414 2
245 416 1
245 427 1
245 433 2
245 434 1
245 442 1
245 447 1
245 457 1
245 464 4
245 478 1
245 490 1
245 492 2
246 252 1
246 256 1
246 260 3
246 263 1
246 271 1
246 277 2
246 281 1
246 297 1
246 304 2
246 321 1
246 325 1
246 331 2
246 335 2
246 337 1
246 341 1
246 350 2
246 362 3
246 373 2
246 375 1
246 376 1
246 377 2
246 382 2
246 385 1
246 387 1
246 388 1
246 393 1
246 398 3
246 401 1
246 414 1
246 416 2
246 421 2
246 423 1
246 424 3
246 430 1
246 433 2
246 435 1
246 441 1
246 448 1
246 455 1
246 469 1
246 478 1
246 483 1
246 495 2
246 496 3
247 262 1
247 266 1
247 270 3
247 276 1
247 278 4
247 286 1
247 310 1
247 315 2
247 326 2
247 344 3
247 345 3
247 348 1
247 359 2
247 363 3
247 364 2
247 368 1
247 371 1
247 373 2
247 384 2
247 390 1
247 399 1
247 402 2
247 408 1
247 411 1
247 427 2
247 431 1
247 433 1
247 436 1
247 452 1
247 458 2
247 462 4
247 469 1
247 477 1
247 481 1
247 483 1
247 485 2
247 489 1
247 498 1
248 258 1
248 263 2
248 265 1
248 269 1
248 271 1
248 273 2
248 275 1
248 283 1
248 284 2
248 285 1
248 286 1
248 302 1
248 316 2
248 318 2
248 319 1
248 321 1
248 323 2
248 327 1
248 328 2
248 336 3
248 356 2
248 365 3
248 373 2
248 382 1
248 388 2
248 389 1
248 398 1
248 403 1
248 405 1
248 411 1
248 420 2
248 424 1
248 428 1
248 440 1
248 448 2
248 450 3
248 458 2
248 471 1
248 483 1
248 484 1
248 487 1
248 488 1
248 491 2
248 496 1
248 498 1
249 255 3
249 260 1
249 261 1
249 267 2
249 272 2
249 275 1
249 282 1
249 285 1
249 287 1
249 292 2
249 294 1
249 295 2
249 301 1
249 310 1
249 316 2
249 325 2
249 327 1
249 337 3
249 348 1
249 354 1
249 355 1
249 372 1
249 389 1
249 391 3
249 394 2
249 410 1
249 425 1
249 428 2
249 430 1
249 436 1
249 446 1
249 447 3
249 455 1
249 468 2
249 471 1
249 475 1
249 488 1
249 489 2
249 493 1
250 251 2
250 256 1
250 272 2
250 275 1
250 283 2
250 294 1
250 296 1
250 297 3
250 298 1
250 302 1
250 325 1
250 330 1
250 343 3
250 351 1
250 374 2
250 376 1
250 391 1
250 396 3
250 407 2
250 410 2
250 414 1
250 421 1
250 438 1
250 441 1
250 452 1
250 461 3
250 466 1
250 469 2
250 470 1
250 472 1
250 476 1
250 486 5
250 492 1
