250 250 40 8526
#constraints
270 273
257 280
282 284
294 296
262 301
295 305
287 313
272 322
305 326
255 328
289 331
336 343
277 346
303 350
263 357
349 363
325 365
326 366
278 367
271 372
315 373
311 375
261 383
304 384
298 387
262 388
375 393
256 428
367 429
280 430
288 434
330 448
307 453
298 461
264 464
418 470
317 482
442 485
313 489
272 495
#edges
1 257 2
1 259 2
1 274 2
1 275 1
1 278 1
1 282 1
1 286 1
1 289 1
1 297 1
1 303 2
1 305 1
1 306 1
1 312 1
1 314 1
1 320 2
1 324 1
1 327 3
1 336 1
1 342 1
1 350 2
1 356 2
1 375 1
1 382 3
1 387 3
1 393 1
1 405 1
1 408 1
1 411 2
1 419 1
1 426 1
1 428 1
1 438 2
1 445 1
1 454 4
1 467 1
1 468 2
1 483 1
1 486 2
1 487 1
1 496 1
1 499 1
2 255 1
2 261 2
2 262 1
2 278 1
2 283 2
2 293 4
2 303 1
2 305 2
2 312 1
2 315 1
2 317 1
2 319 2
2 326 3
2 335 1
2 339 2
2 343 1
2 348 2
2 367 5
2 378 1
2 381 1
2 384 1
2 399 1
2 407 1
2 420 4
2 440 3
2 448 1
2 457 1
2 460 2
2 472 2
2 493 2
2 494 1
3 261 1
3 263 1
3 266 2
3 272 1
3 281 1
3 290 2
3 296 3
3 297 1
3 304 1
3 308 3
3 327 2
3 331 1
3 333 1
3 336 1
3 341 1
3 355 3
3 360 1
3 367 1
3 381 2
3 382 1
3 383 1
3 388 1
3 389 2
3 397 1
3 398 1
3 403 1
3 405 1
3 431 1
3 433 1
3 449 6
3 451 2
3 456 1
3 462 1
3 486 1
3 492 4
3 493 1
3 495 2
3 497 1
4 251 2
4 254 1
4 263 1
4 264 1
4 271 1
4 273 3
4 285 2
4 314 2
4 322 1
4 330 2
4 341 1
4 347 1
4 371 3
4 375 2
4 393 4
4 394 1
4 397 1
4 418 2
4 419 2
4 424 1
4 433 2
4 458 3
4 468 2
4 471 2
4 476 2
4 485 1
4 490 1
4 492 4
5 258 1
5 270 2
5 274 2
5 284 1
5 291 2
5 294 1
5 299 2
5 301 2
5 309 1
5 314 2
5 315 1
5 323 2
5 330 2
5 336 1
5 342 1
5 346 3
5 347 1
5 351 2
5 353 1
5 358 1
5 379 2
5 383 1
5 385 2
5 394 1
5 400 1
5 401 1
5 409 1
5 421 4
5 438 1
5 451 2
5 465 1
5 468 3
5 478 1
5 483 2
5 484 1
5 487 1
5 493 1
5 495 2
5 498 1
6 259 1
6 263 1
6 276 5
6 282 2
6 308 1
6 328 1
6 336 2
6 346 1
6 347 1
6 351 1
6 353 2
6 354 1
6 371 1
6 382 2
6 393 1
6 403 3
6 408 6
6 417 1
6 421 4
6 422 1
6 424 2
6 427 1
6 450 1
6 451 2
6 453 1
6 467 1
6 470 1
6 477 4
6 484 1
6 500 1
7 253 1
7 276 2
7 277 1
7 285 1
7 293 1
7 300 2
7 305 1
7 311 2
7 313 2
7 323 1
7 344 1
7 345 1
7 350 1
7 352 2
7 355 1
7 363 1
7 369 3
7 390 1
7 393 2
7 403 1
7 404 1
7 410 3
7 419 2
7 422 1
7 425 2
7 427 1
7 444 1
7 446 2
7 454 1
7 456 2
7 473 1
7 474 1
7 481 2
7 489 1
7 492 1
7 498 2
7 499 1
8 256 1
8 267 1
8 272 1
8 276 2
8 277 1
8 289 1
8 290 1
8 291 1
8 296 1
8 302 2
8 310 1
8 326 1
8 334 1
8 336 1
8 340 1
8 342 1
8 346 2
8 349 1
8 352 1
8 353 4
8 357 1
8 369 2
8 376 4
8 380 1
8 389 1
8 391 4
8 398 1
8 409 1
8 414 1
8 416 1
8 418 1
8 419 1
8 426 1
8 430 1
8 432 5
8 440 1
8 485 3
8 488 2
8 498 1
9 252 2
9 254 2
9 264 2
9 266 3
9 271 3
9 274 3
9 283 2
9 318 1
9 330 2
9 353 1
9 356 1
9 359 1
9 367 2
9 373 2
9 375 1
9 389 3
9 405 1
9 407 2
9 414 1
9 423 4
9 425 2
9 434 1
9 447 1
9 454 3
9 459 2
9 469 3
9 472 4
9 473 1
9 474 1
9 479 1
9 486 1
9 492 1
9 497 2
10 255 1
10 256 1
10 270 1
10 273 1
10 287 3
10 290 3
10 300 1
10 338 1
10 344 1
10 356 3
10 373 1
10 381 1
10 395 1
10 404 2
10 413 1
10 425 1
10 426 1
10 430 1
10 434 2
10 456 1
10 458 1
10 471 1
10 474 1
10 475 2
10 477 2
10 485 2
11 254 1
11 258 3
11 268 2
11 270 1
11 273 1
11 280 2
11 287 2
11 291 1
11 297 2
11 298 1
11 301 1
11 315 3
11 325 1
11 328 1
11 329 1
11 336 1
11 340 2
11 347 1
11 350 1
11 353 2
11 366 1
11 385 1
11 393 3
11 402 2
11 403 2
11 406 1
11 410 2
11 439 1
11 444 1
11 448 2
11 458 4
11 460 1
11 465 2
11 470 1
11 475 2
11 476 1
12 255 1
12 269 1
12 273 1
12 276 4
12 290 2
12 298 3
12 308 1
12 310 1
12 320 1
12 322 1
12 338 1
12 339 1
12 344 2
12 353 1
12 355 1
12 357 1
12 372 1
12 373 1
12 382 1
12 385 2
12 394 2
12 400 2
12 407 1
12 418 1
12 425 2
12 428 1
12 437 4
12 441 1
12 451 2
12 461 1
12 477 1
12 478 2
12 487 3
12 493 1
12 497 1
12 500 2
13 260 1
13 266 2
13 267 1
13 268 1
13 277 2
13 278 1
13 285 1
13 289 1
13 290 3
13 292 2
13 298 1
13 326 1
13 330 1
13 332 1
13 348 2
13 361 2
13 376 1
13 388 1
13 399 2
13 403 1
13 413 1
13 418 1
13 424 1
13 427 1
13 442 2
13 453 4
13 457 1
13 478 1
13 480 1
13 487 1
13 488 1
13 493 2
13 496 1
14 251 2
14 255 1
14 268 1
14 269 3
14 289 4
14 291 2
14 295 1
14 311 1
14 328 2
14 334 1
14 338 1
14 339 1
14 343 1
14 358 3
14 363 1
14 366 2
14 369 3
14 377 1
14 379 3
14 383 1
14 390 1
14 400 2
14 407 2
14 431 1
14 437 1
14 453 1
14 463 2
14 464 2
14 465 1
14 476 1
14 482 1
14 484 1
14 499 1
15 256 1
15 265 1
15 268 1
15 302 1
15 323 1
15 325 5
15 338 1
15 343 1
15 354 1
15 366 1
15 377 3
15 378 3
15 379 2
15 401 2
15 403 1
15 407 4
15 408 1
15 412 3
15 415 1
15 427 4
15 438 2
15 445 1
15 446 1
15 447 1
15 453 1
15 468 2
15 480 1
15 495 1
15 497 1
16 281 1
16 292 2
16 319 2
16 321 1
16 324 1
16 336 2
16 349 4
16 353 2
16 356 1
16 364 1
16 375 2
16 384 1
16 388 2
16 399 1
16 403 1
16 405 1
16 417 1
16 424 1
16 426 1
16 436 1
16 454 2
16 455 1
16 471 1
16 473 4
16 488 2
17 296 2
17 302 2
17 307 1
17 355 3
17 361 1
17 368 1
17 390 1
17 392 1
17 400 1
17 410 4
17 417 1
17 423 1
17 426 1
17 444 4
17 447 5
17 448 1
17 451 2
17 470 1
17 472 1
17 478 1
17 485 3
17 492 1
17 499 2
17 500 1
18 253 2
18 256 4
18 268 1
18 271 1
18 273 1
18 280 2
18 292 1
18 294 1
18 296 1
18 301 1
18 303 3
18 304 1
18 315 2
18 323 1
18 329 3
18 339 1
18 340 1
18 373 1
18 374 4
18 378 1
18 382 1
18 383 1
18 392 1
18 402 1
18 441 1
18 448 1
18 472 1
18 475 1
18 480 1
18 485 1
18 490 1
18 494 2
19 267 1
19 290 1
19 307 2
19 311 4
19 317 1
19 323 1
19 328 1
19 332 1
19 335 1
19 340 1
19 344 2
19 348 1
19 350 3
19 351 1
19 352 2
19 360 2
19 367 1
19 373 1
19 404 1
19 410 1
19 412 1
19 418 1
19 433 1
19 436 1
19 443 1
19 452 2
19 455 1
19 462 1
19 467 1
19 469 1
19 470 1
19 476 1
19 480 1
19 483 2
19 488 1
20 267 1
20 269 1
20 280 2
20 300 1
20 301 1
20 320 2
20 321 4
20 336 2
20 338 1
20 343 1
20 360 3
20 363 1
20 371 1
20 403 1
20 408 3
20 429 2
20 430 1
20 432 2
20 443 1
20 444 2
20 445 1
20 449 4
20 454 1
20 461 1
20 470 1
20 472 2
20 480 1
20 485 3
20 497 3
20 498 1
20 500 1
21 255 1
21 263 1
21 273 2
21 283 2
21 307 3
21 313 1
21 318 1
21 326 2
21 329 2
21 337 3
21 339 2
21 343 1
21 353 1
21 361 1
21 377 2
21 400 1
21 425 1
21 434 1
21 443 2
21 460 5
21 462 3
21 469 2
21 479 1
21 482 1
21 485 1
21 489 2
22 259 1
22 277 1
22 282 4
22 284 1
22 290 5
22 323 1
22 324 3
22 331 1
22 340 1
22 344 1
22 354 1
22 360 1
22 364 2
22 368 1
22 369 2
22 371 1
22 377 1
22 389 1
22 390 2
22 397 1
22 405 2
22 414 1
22 420 2
22 425 1
22 438 2
22 440 1
22 442 1
22 449 1
22 454 1
22 457 1
22 486 2
22 495 1
22 498 1
23 254 1
23 263 1
23 265 1
23 268 2
23 272 3
23 278 1
23 287 1
23 288 1
23 290 2
23 293 1
23 294 1
23 318 3
23 320 1
23 324 1
23 325 1
23 330 2
23 334 1
23 350 1
23 353 1
23 357 1
23 386 1
23 394 3
23 398 1
23 421 1
23 425 2
23 430 1
23 434 1
23 439 1
23 440 2
23 441 1
23 451 1
23 470 2
23 480 2
23 486 2
23 497 1
23 500 2
24 254 1
24 269 2
24 278 1
24 298 2
24 318 2
24 320 1
24 325 2
24 331 3
24 336 1
24 341 1
24 342 1
24 364 2
24 405 1
24 406 1
24 408 3
24 411 1
24 416 1
24 419 3
24 437 1
24 441 2
24 446 2
24 457 1
24 458 1
24 466 1
24 473 1
24 483 1
24 485 1
24 497 3
25 253 1
25 254 1
25 258 3
25 259 2
25 265 1
25 266 2
25 284 1
25 289 1
25 296 1
25 302 1
25 312 2
25 315 4
25 323 1
25 331 2
25 338 2
25 341 1
25 363 2
25 383 1
25 386 1
25 405 1
25 410 1
25 423 1
25 427 3
25 444 2
25 456 1
25 489 1
25 490 1
25 494 1
25 495 2
26 265 1
26 275 3
26 292 1
26 293 4
26 295 2
26 302 1
26 328 1
26 334 3
26 337 2
26 349 1
26 354 1
26 358 1
26 370 1
26 380 1
26 385 4
26 392 2
26 413 2
26 414 2
26 422 4
26 433 2
26 434 3
26 437 1
26 441 4
26 448 4
26 467 3
26 476 4
26 478 1
27 252 1
27 257 1
27 260 1
27 261 2
27 262 1
27 273 3
27 274 1
27 276 1
27 279 1
27 294 2
27 306 1
27 324 1
27 325 1
27 332 1
27 339 1
27 354 2
27 359 2
27 366 1
27 382 1
27 387 2
27 399 2
27 407 3
27 409 1
27 422 2
27 426 1
27 428 1
27 436 1
27 437 1
27 440 1
27 441 3
27 448 1
27 459 1
27 465 1
27 466 1
27 468 1
27 470 1
27 475 3
27 487 1
28 252 3
28 260 2
28 271 1
28 285 1
28 289 2
28 290 2
28 298 3
28 300 1
28 306 1
28 311 1
28 312 1
28 315 1
28 332 1
28 361 3
28 362 1
28 366 1
28 380 1
28 395 1
28 402 1
28 406 3
28 414 1
28 421 3
28 425 1
28 427 5
28 432 1
28 436 1
28 443 1
28 453 1
28 464 1
28 481 1
28 485 1
28 488 4
28 492 1
29 263 1
29 277 1
29 280 1
29 309 2
29 311 5
29 327 1
29 336 1
29 347 1
29 353 2
29 360 1
29 362 2
29 368 1
29 372 1
29 379 1
29 394 1
29 398 3
29 402 3
29 404 1
29 406 1
29 408 2
29 412 1
29 419 1
29 421 1
29 422 1
29 426 2
29 435 1
29 439 1
29 441 2
29 443 1
29 448 2
29 454 1
29 455 1
29 458 2
29 464 1
29 474 1
29 483 1
29 487 1
29 499 1
29 500 1
30 251 1
30 256 1
30 258 1
30 266 3
30 278 1
30 279 1
30 283 2
30 286 2
30 291 1
30 292 2
30 303 2
30 307 3
30 311 2
30 313 1
30 322 1
30 330 2
30 334 1
30 335 2
30 345 1
30 355 1
30 374 1
30 376 1
30 380 1
30 386 4
30 388 2
30 393 2
30 399 3
30 400 1
30 407 1
30 411 1
30 414 1
30 415 4
30 418 1
30 419 1
30 420 2
30 441 1
30 443 1
30 448 1
30 455 2
30 461 3
30 463 1
30 464 1
30 482 1
30 488 4
30 491 1
30 497 1
31 252 1
31 270 1
31 275 1
31 293 3
31 298 1
31 299 1
31 302 2
31 307 3
31 308 2
31 316 2
31 326 1
31 340 1
31 359 4
31 368 1
31 378 1
31 379 1
31 387 1
31 388 1
31 401 1
31 403 1
31 408 2
31 412 1
31 418 1
31 423 3
31 425 1
31 438 2
31 448 4
31 453 1
31 456 1
31 457 2
31 458 3
31 459 1
31 467 1
31 468 1
32 259 2
32 261 1
32 274 2
32 293 1
32 309 1
32 316 2
32 336 2
32 341 1
32 358 1
32 364 1
32 378 1
32 379 2
32 403 1
32 405 4
32 412 1
32 421 1
32 434 1
32 435 1
32 443 2
32 453 3
32 454 2
32 455 2
32 459 2
32 464 3
32 473 1
32 489 1
32 493 1
32 497 1
33 258 1
33 269 1
33 278 2
33 317 1
33 322 1
33 327 1
33 335 1
33 336 3
33 348 1
33 353 1
33 364 1
33 388 3
33 398 1
33 415 1
33 416 1
33 420 1
33 427 1
33 432 1
33 462 2
33 469 1
33 471 1
33 478 2
33 494 3
33 495 1
34 260 2
34 261 1
34 264 1
34 267 1
34 276 1
34 278 3
34 291 3
34 294 2
34 295 3
34 303 1
34 315 2
34 318 3
34 331 1
34 336 2
34 340 2
34 346 1
34 360 1
34 363 3
34 365 1
34 371 1
34 377 1
34 384 1
34 390 1
34 393 1
34 394 1
34 397 2
34 401 1
34 403 1
34 417 5
34 427 1
34 439 2
34 444 1
34 459 1
34 463 3
34 469 1
34 475 1
34 480 2
34 494 2
34 500 1
35 253 2
35 261 2
35 263 1
35 264 1
35 268 1
35 276 2
35 284 2
35 285 1
35 298 2
35 305 1
35 310 1
35 314 1
35 318 1
35 319 1
35 328 2
35 331 4
35 336 2
35 337 1
35 344 1
35 346 4
35 352 1
35 363 1
35 369 2
35 400 2
35 404 1
35 407 1
35 424 1
35 432 1
35 437 1
35 438 2
35 442 1
35 443 1
35 446 1
35 451 4
35 469 2
35 476 1
35 478 1
35 481 1
35 489 3
36 261 1
36 274 3
36 276 1
36 277 2
36 278 1
36 288 1
36 294 1
36 298 2
36 319 1
36 344 1
36 349 2
36 362 1
36 368 3
36 376 1
36 381 1
36 386 2
36 387 2
36 401 1
36 406 3
36 409 1
36 416 1
36 420 1
36 428 1
36 429 2
36 435 1
36 445 1
36 487 1
36 492 2
36 500 1
37 256 5
37 263 1
37 265 1
37 273 4
37 284 1
37 287 1
37 306 1
37 310 1
37 315 2
37 318 1
37 319 1
37 324 1
37 337 1
37 339 2
37 342 1
37 350 2
37 373 1
37 385 4
37 387 1
37 394 3
37 395 1
37 402 1
37 403 3
37 404 1
37 410 6
37 411 1
37 424 1
37 429 3
37 430 2
37 438 2
37 446 2
37 451 1
37 453 2
37 457 1
37 465 1
37 471 1
37 473 1
37 477 1
37 479 1
37 486 1
37 488 1
37 492 1
37 496 1
38 252 6
38 254 1
38 256 1
38 260 2
38 261 1
38 262 3
38 268 1
38 271 1
38 282 1
38 309 2
38 311 2
38 317 1
38 318 1
38 319 3
38 335 2
38 345 2
38 348 1
38 358 2
38 367 4
38 373 3
38 378 1
38 380 2
38 381 1
38 390 1
38 396 3
38 398 1
38 407 1
38 417 1
38 425 4
38 433 1
38 440 2
38 479 1
38 482 1
38 486 1
38 492 1
38 500 2
39 256 2
39 258 1
39 263 1
39 280 1
39 301 2
39 313 2
39 316 1
39 330 2
39 333 1
39 336 2
39 341 3
39 342 1
39 348 1
39 353 1
39 357 1
39 364 1
39 367 1
39 370 1
39 375 1
39 380 1
39 382 1
39 391 1
39 392 3
39 395 1
39 396 1
39 404 1
39 405 3
39 424 1
39 434 1
39 440 2
39 465 2
39 472 1
39 491 1
39 496 1
40 255 2
40 258 1
40 259 2
40 261 3
40 267 2
40 273 2
40 292 2
40 314 5
40 321 1
40 324 3
40 330 2
40 338 1
40 352 1
40 360 3
40 362 3
40 363 3
40 365 1
40 373 3
40 383 2
40 389 1
40 390 1
40 395 2
40 413 1
40 437 3
40 439 1
40 441 4
40 444 1
40 454 1
40 462 1
40 465 1
41 251 1
41 252 1
41 262 2
41 281 3
41 285 1
41 290 2
41 292 1
41 299 1
41 302 4
41 303 1
41 305 2
41 307 1
41 312 1
41 330 1
41 332 3
41 334 1
41 337 2
41 359 2
41 360 1
41 376 1
41 383 2
41 390 1
41 391 2
41 408 1
41 412 1
41 414 1
41 428 1
41 448 2
41 453 1
41 465 2
41 472 4
41 479 1
41 484 1
41 490 1
42 255 1
42 270 1
42 272 1
42 281 3
42 288 1
42 300 1
42 308 2
42 314 1
42 334 3
42 338 1
42 339 2
42 348 3
42 359 1
42 379 1
42 392 1
42 397 2
42 401 1
42 406 1
42 412 1
42 415 1
42 416 2
42 431 1
42 446 1
42 457 1
42 481 3
42 496 1
43 265 1
43 272 4
43 274 1
43 283 2
43 290 2
43 292 3
43 295 1
43 298 2
43 303 2
43 305 1
43 315 3
43 325 1
43 327 1
43 334 2
43 347 1
43 349 1
43 357 1
43 377 1
43 385 3
43 388 1
43 391 1
43 400 1
43 402 2
43 410 2
43 413 1
43 427 1
43 435 1
43 436 4
43 448 4
43 468 1
43 473 1
43 475 2
43 482 2
43 490 2
43 491 2
44 263 1
44 265 1
44 285 1
44 291 4
44 297 1
44 301 1
44 312 2
44 315 1
44 353 2
44 371 2
44 409 1
44 414 1
44 418 2
44 423 1
44 424 1
44 426 1
44 429 2
44 472 1
44 474 1
44 476 1
44 483 1
44 486 1
44 489 1
44 497 1
45 256 1
45 270 1
45 276 1
45 287 1
45 302 4
45 307 2
45 313 1
45 315 1
45 319 1
45 323 1
45 326 1
45 327 2
45 342 3
45 348 1
45 355 1
45 356 3
45 358 3
45 366 1
45 371 1
45 377 5
45 380 1
45 385 2
45 386 1
45 387 1
45 390 2
45 391 1
45 403 1
45 420 2
45 421 1
45 440 1
45 442 3
45 445 9
45 446 4
45 452 1
45 453 1
45 459 1
45 468 1
45 474 1
45 475 1
45 482 1
45 490 1
45 492 1
46 261 3
46 262 1
46 263 1
46 279 4
46 281 2
46 283 1
46 292 2
46 303 2
46 307 1
46 311 1
46 316 1
46 325 3
46 334 1
46 336 1
46 339 1
46 355 3
46 364 2
46 365 1
46 366 1
46 368 1
46 369 1
46 374 1
46 379 3
46 387 2
46 411 2
46 412 3
46 414 3
46 417 2
46 423 1
46 458 4
46 459 1
46 462 1
46 484 1
46 496 1
47 256 1
47 269 2
47 276 4
47 278 1
47 281 1
47 284 1
47 285 1
47 286 1
47 290 1
47 294 2
47 297 1
47 312 1
47 318 1
47 326 1
47 337 1
47 341 1
47 358 5
47 359 1
47 364 1
47 366 1
47 378 1
47 380 3
47 390 1
47 414 2
47 431 1
47 435 2
47 437 1
47 440 1
47 442 1
47 456 1
47 463 1
47 470 1
47 477 2
47 482 1
47 484 1
48 254 1
48 260 2
48 262 1
48 284 1
48 297 2
48 301 1
48 303 1
48 320 1
48 325 1
48 326 1
48 341 4
48 346 2
48 347 2
48 349 2
48 353 1
48 364 1
48 370 1
48 373 2
48 374 1
48 381 2
48 389 3
48 400 1
48 401 1
48 404 4
48 416 1
48 420 2
48 430 1
48 431 2
48 444 2
48 454 2
48 468 2
48 474 2
48 498 2
49 259 2
49 268 1
49 279 1
49 291 2
49 303 1
49 304 1
49 323 1
49 326 1
49 333 2
49 344 1
49 347 1
49 351 1
49 353 1
49 363 1
49 368 1
49 373 3
49 374 1
49 377 1
49 380 1
49 387 2
49 388 1
49 392 1
49 397 1
49 402 1
49 410 1
49 421 1
49 424 1
49 425 3
49 426 2
49 434 2
49 437 1
49 440 1
49 457 1
49 462 2
49 463 3
49 466 3
49 479 1
50 254 1
50 259 1
50 277 1
50 283 2
50 287 1
50 289 1
50 305 1
50 313 2
50 317 2
50 322 2
50 344 1
50 348 1
50 351 3
50 363 1
50 364 2
50 372 2
50 380 3
50 381 1
50 394 1
50 403 2
50 413 2
50 422 1
50 425 2
50 435 1
50 440 1
50 449 1
50 451 2
50 458 1
50 459 1
50 461 1
50 478 5
50 488 1
50 491 1
51 261 1
51 266 1
51 271 4
51 275 2
51 291 4
51 295 4
51 309 1
51 310 1
51 311 5
51 327 1
51 328 3
51 329 1
51 337 1
51 347 1
51 367 5
51 374 1
51 376 1
51 391 1
51 397 2
51 401 1
51 414 2
51 415 2
51 428 1
51 446 3
51 451 2
51 452 1
51 453 1
51 457 1
51 462 1
51 465 1
51 466 2
51 475 1
51 485 1
51 486 1
52 256 1
52 261 3
52 262 2
52 267 1
52 280 1
52 284 2
52 294 1
52 299 2
52 300 1
52 304 2
52 305 1
52 322 2
52 324 1
52 326 2
52 330 1
52 336 3
52 352 1
52 356 6
52 358 2
52 367 1
52 370 1
52 381 3
52 395 1
52 411 2
52 422 1
52 427 2
52 442 1
52 445 3
52 446 1
52 465 1
52 469 3
52 483 1
52 484 1
53 257 2
53 259 1
53 261 1
53 262 1
53 265 1
53 278 1
53 291 2
53 294 1
53 301 2
53 302 1
53 305 2
53 314 1
53 315 3
53 316 2
53 317 2
53 320 1
53 328 2
53 331 1
53 332 3
53 338 1
53 358 1
53 361 1
53 362 2
53 367 2
53 375 2
53 383 1
53 395 1
53 396 2
53 408 1
53 409 1
53 417 1
53 436 1
53 442 1
53 449 1
53 457 3
53 466 1
53 475 1
53 491 2
54 258 2
54 265 1
54 267 1
54 280 1
54 284 3
54 285 1
54 292 3
54 297 1
54 304 1
54 317 2
54 322 2
54 323 1
54 349 3
54 356 1
54 362 2
54 371 1
54 385 1
54 387 1
54 393 2
54 398 1
54 411 1
54 417 2
54 419 1
54 427 1
54 428 1
54 432 1
54 439 2
54 445 3
54 452 1
54 457 2
54 460 1
54 468 1
54 476 2
54 482 1
54 491 1
54 498 2
55 258 2
55 261 2
55 269 1
55 298 1
55 307 1
55 319 1
55 320 4
55 330 2
55 335 4
55 348 3
55 349 1
55 362 2
55 364 1
55 368 1
55 372 1
55 384 1
55 394 1
55 395 1
55 397 1
55 401 1
55 408 1
55 415 1
55 419 4
55 429 1
55 437 1
55 440 3
55 441 1
55 445 2
55 446 1
55 453 4
55 454 1
55 457 1
55 463 1
55 464 2
55 469 1
55 478 3
56 251 1
56 252 2
56 264 1
56 276 2
56 278 5
56 289 1
56 290 3
56 299 1
56 316 1
56 318 1
56 340 1
56 341 2
56 342 1
56 349 1
56 354 2
56 361 2
56 362 2
56 364 1
56 367 1
56 376 2
56 377 1
56 378 1
56 382 1
56 395 1
56 402 1
56 410 1
56 417 1
56 424 4
56 428 1
56 436 1
56 437 2
56 453 2
56 455 2
56 460 2
56 462 1
56 463 1
56 466 2
56 470 1
56 484 2
56 491 1
56 494 4
56 499 2
57 254 1
57 260 2
57 274 1
57 287 1
57 291 1
57 297 1
57 305 1
57 312 2
57 321 1
57 329 2
57 331 1
57 340 1
57 364 4
57 377 1
57 379 1
57 381 1
57 401 4
57 410 1
57 418 1
57 426 1
57 432 2
57 439 2
57 441 1
57 444 1
57 445 1
57 451 2
57 454 1
57 457 1
57 458 1
57 462 2
57 468 1
57 483 4
57 487 1
57 488 1
57 493 3
57 495 1
58 278 1
58 281 1
58 290 1
58 291 4
58 294 1
58 295 2
58 300 8
58 303 2
58 305 2
58 329 1
58 335 3
58 375 1
58 383 2
58 387 1
58 388 1
58 392 2
58 408 2
58 411 2
58 415 1
58 428 1
58 447 4
58 460 1
58 470 4
58 471 1
58 477 1
58 478 1
58 484 2
58 485 1
58 497 1
59 256 1
59 258 6
59 263 1
59 266 1
59 274 2
59 280 1
59 281 2
59 293 1
59 294 1
59 302 1
59 322 2
59 323 2
59 343 3
59 344 1
59 345 4
59 347 2
59 355 1
59 356 1
59 361 1
59 363 4
59 368 3
59 388 4
59 389 1
59 394 2
59 416 1
59 420 2
59 421 2
59 427 1
59 430 1
59 447 4
59 452 1
59 455 1
59 483 1
59 487 2
59 492 1
60 258 1
60 259 4
60 260 1
60 267 1
60 271 1
60 294 2
60 297 2
60 300 2
60 322 1
60 332 1
60 336 1
60 351 1
60 355 1
60 368 2
60 369 1
60 380 1
60 384 1
60 385 1
60 386 1
60 401 1
60 403 3
60 404 1
60 407 3
60 418 1
60 426 1
60 427 2
60 441 1
60 457 1
60 483 1
60 484 1
60 493 1
60 497 1
61 275 3
61 276 1
61 291 2
61 294 1
61 307 1
61 310 2
61 312 1
61 324 1
61 325 1
61 349 1
61 351 2
61 353 1
61 356 2
61 368 1
61 378 1
61 390 2
61 397 1
61 401 4
61 409 1
61 421 1
61 422 1
61 438 1
61 445 2
61 455 2
61 460 2
61 484 4
61 494 1
61 497 1
62 258 1
62 261 2
62 264 2
62 265 2
62 267 1
62 268 1
62 270 2
62 273 4
62 294 1
62 316 2
62 330 2
62 334 2
62 388 2
62 399 1
62 408 1
62 416 1
62 422 2
62 430 1
62 437 2
62 455 1
62 456 3
62 476 2
62 483 2
62 484 1
62 489 3
63 261 1
63 291 1
63 295 2
63 300 1
63 303 1
63 305 1
63 313 4
63 314 3
63 316 1
63 326 1
63 335 2
63 339 1
63 346 1
63 349 1
63 357 3
63 360 1
63 372 2
63 373 1
63 386 1
63 392 1
63 402 2
63 405 2
63 406 1
63 409 1
63 410 1
63 415 1
63 424 2
63 426 1
63 460 1
63 490 1
64 251 1
64 256 2
64 258 2
64 263 1
64 276 2
64 277 1
64 279 1
64 283 1
64 292 1
64 308 1
64 310 4
64 314 2
64 317 1
64 334 2
64 342 2
64 347 3
64 349 2
64 368 1
64 376 2
64 381 2
64 383 2
64 423 2
64 441 1
64 458 1
64 468 1
64 470 4
64 473 2
64 474 1
64 483 3
64 485 1
64 486 1
65 263 2
65 264 1
65 268 1
65 270 1
65 286 1
65 290 1
65 294 1
65 301 2
65 302 2
65 321 1
65 329 1
65 339 1
65 342 1
65 349 1
65 354 1
65 371 1
65 372 3
65 373 2
65 375 1
65 378 2
65 379 2
65 393 1
65 401 1
65 405 1
65 407 1
65 412 1
65 414 2
65 416 1
65 419 1
65 420 4
65 421 1
65 435 3
65 436 1
65 440 1
65 446 1
65 451 1
65 456 1
65 457 1
65 467 1
65 469 1
65 471 1
65 484 2
65 486 2
65 489 1
65 497 1
66 262 3
66 263 1
66 268 1
66 272 1
66 277 1
66 281 2
66 288 2
66 299 1
66 302 1
66 315 1
66 325 1
66 333 2
66 363 1
66 365 1
66 367 1
66 370 2
66 382 3
66 393 1
66 413 1
66 421 2
66 422 1
66 433 2
66 446 1
66 448 1
66 451 1
66 460 2
66 463 2
66 466 1
66 484 1
66 485 1
66 487 4
66 488 2
66 491 1
67 252 1
67 254 2
67 263 2
67 275 1
67 288 2
67 325 1
67 331 1
67 332 1
67 339 2
67 344 1
67 350 2
67 367 1
67 368 2
67 369 1
67 383 1
67 402 1
67 406 1
67 414 1
67 420 1
67 422 1
67 425 2
67 428 3
67 429 2
67 432 1
67 435 1
67 451 2
67 457 2
67 458 1
67 467 1
67 470 1
67 480 1
67 483 3
67 487 1
67 500 1
68 256 4
68 261 2
68 262 1
68 264 1
68 266 1
68 268 3
68 276 4
68 300 1
68 310 1
68 315 1
68 325 1
68 327 2
68 333 1
68 340 1
68 345 1
68 346 1
68 356 1
68 357 1
68 365 1
68 367 1
68 380 1
68 384 2
68 387 2
68 388 3
68 392 1
68 397 3
68 401 2
68 405 1
68 414 1
68 419 1
68 432 1
68 433 1
68 435 1
68 437 3
68 438 3
68 450 1
68 455 2
68 461 1
68 464 1
68 477 1
68 487 2
68 489 1
69 265 2
69 285 3
69 286 1
69 294 1
69 301 1
69 305 1
69 316 2
69 320 2
69 325 1
69 327 1
69 332 1
69 334 1
69 355 3
69 366 1
69 368 1
69 375 2
69 382 2
69 383 1
69 389 2
69 392 2
69 400 1
69 406 1
69 415 1
69 416 5
69 420 1
69 431 2
69 445 1
69 459 1
69 469 1
69 490 1
69 493 2
70 251 3
70 257 1
70 265 1
70 273 4
70 295 1
70 299 1
70 300 1
70 303 1
70 309 3
70 313 1
70 326 2
70 332 1
70 338 2
70 343 4
70 344 1
70 345 2
70 346 1
70 362 1
70 364 1
70 375 2
70 382 1
70 384 1
70 396 1
70 407 2
70 408 2
70 418 2
70 424 1
70 435 1
70 436 2
70 441 1
70 444 2
70 449 1
70 464 2
70 466 1
70 472 1
70 473 1
70 476 1
70 484 1
70 485 1
70 491 1
70 497 3
71 251 1
71 256 1
71 261 1
71 266 3
71 269 1
71 270 5
71 280 1
71 306 2
71 344 1
71 347 1
71 355 2
71 356 2
71 361 1
71 362 1
71 373 3
71 377 1
71 392 3
71 399 1
71 403 2
71 405 1
71 411 1
71 416 2
71 417 3
71 419 1
71 428 1
71 430 1
71 435 3
71 436 1
71 438 1
71 440 3
71 442 1
71 445 1
71 455 1
71 456 1
71 491 4
72 251 1
72 254 1
72 260 1
72 264 1
72 268 1
72 272 2
72 286 3
72 291 1
72 292 2
72 315 2
72 317 1
72 328 1
72 329 1
72 341 2
72 342 1
72 351 4
72 361 1
72 362 1
72 363 1
72 368 2
72 370 1
72 385 1
72 400 1
72 409 4
72 417 2
72 429 2
72 432 1
72 436 2
72 443 4
72 449 1
72 462 1
72 463 2
72 464 1
72 465 4
72 471 1
73 251 1
73 252 1
73 255 1
73 256 3
73 270 2
73 279 2
73 282 2
73 283 3
73 286 2
73 291 5
73 293 1
73 303 1
73 323 1
73 337 2
73 344 2
73 345 1
73 356 4
73 358 1
73 359 1
73 372 1
73 378 2
73 381 3
73 384 1
73 390 1
73 396 1
73 421 1
73 423 3
73 442 1
73 445 1
73 449 1
73 459 1
73 463 1
73 465 1
73 473 5
73 484 2
73 491 1
73 493 2
73 494 2
74 269 1
74 281 1
74 284 2
74 295 1
74 296 2
74 303 1
74 307 1
74 314 1
74 333 1
74 338 1
74 353 2
74 355 1
74 363 1
74 364 2
74 368 2
74 384 1
74 394 2
74 399 1
74 401 2
74 402 1
74 415 3
74 416 2
74 429 1
74 430 3
74 434 1
74 435 1
74 459 1
74 460 1
74 461 3
74 463 1
74 469 1
74 472 1
74 490 2
75 253 1
75 256 1
75 259 1
75 265 1
75 269 1
75 271 1
75 303 1
75 318 2
75 321 1
75 323 1
75 324 1
75 330 1
75 335 2
75 336 1
75 341 1
75 347 2
75 349 3
75 352 1
75 357 2
75 366 1
75 381 1
75 387 1
75 390 2
75 394 1
75 403 4
75 419 1
75 426 2
75 427 2
75 429 4
75 435 2
75 436 1
75 438 4
75 453 3
75 456 1
75 472 1
75 479 1
75 480 1
76 259 1
76 263 2
76 275 1
76 281 1
76 290 1
76 306 2
76 307 2
76 308 2
76 309 1
76 328 2
76 339 2
76 340 1
76 341 1
76 392 1
76 394 1
76 399 2
76 402 1
76 420 2
76 422 2
76 438 2
76 439 2
76 442 1
76 453 1
76 465 5
76 469 2
76 472 1
76 488 1
76 493 1
77 254 2
77 268 5
77 271 1
77 275 1
77 277 4
77 285 1
77 290 1
77 293 1
77 295 3
77 304 1
77 317 1
77 319 2
77 329 1
77 346 6
77 357 3
77 358 1
77 369 2
77 375 1
77 380 2
77 386 1
77 399 8
77 403 1
77 404 1
77 410 2
77 420 2
77 421 1
77 431 1
77 435 2
77 441 1
77 448 1
77 455 1
77 458 3
77 460 1
77 478 3
77 481 2
77 482 1
77 486 1
77 493 1
77 495 3
78 252 2
78 253 1
78 255 1
78 269 1
78 275 1
78 279 1
78 282 1
78 298 1
78 300 1
78 313 1
78 314 1
78 324 2
78 330 1
78 334 2
78 351 4
78 355 1
78 367 1
78 368 2
78 403 1
78 410 3
78 447 1
78 452 2
78 462 1
78 467 1
78 476 1
78 481 1
78 488 2
78 489 1
78 492 1
79 259 1
79 270 1
79 271 1
79 274 2
79 279 1
79 288 2
79 291 1
79 292 1
79 294 1
79 306 1
79 323 1
79 332 1
79 341 4
79 347 1
79 350 3
79 355 1
79 360 1
79 367 1
79 371 1
79 372 1
79 374 1
79 375 2
79 376 2
79 383 1
79 390 1
79 401 3
79 404 2
79 406 1
79 407 1
79 415 1
79 423 4
79 432 1
79 435 1
79 451 2
79 457 3
79 464 2
79 484 2
79 493 1
79 494 1
80 251 2
80 254 3
80 276 2
80 281 2
80 291 3
80 302 1
80 320 2
80 335 2
80 336 2
80 342 1
80 349 3
80 352 1
80 359 1
80 360 3
80 383 3
80 385 2
80 390 1
80 398 2
80 402 1
80 403 1
80 409 3
80 419 1
80 423 1
80 428 5
80 430 1
80 436 1
80 445 1
80 451 2
80 452 1
80 474 1
80 478 1
81 261 1
81 267 2
81 268 2
81 270 1
81 278 1
81 281 3
81 300 1
81 332 3
81 337 1
81 344 1
81 349 2
81 351 2
81 357 2
81 359 1
81 367 2
81 377 1
81 386 2
81 391 1
81 407 2
81 408 1
81 412 2
81 414 1
81 419 1
81 434 1
81 442 1
81 443 1
81 481 3
81 487 2
81 488 1
81 500 1
82 259 1
82 266 1
82 272 1
82 276 1
82 295 1
82 303 3
82 305 1
82 317 1
82 320 1
82 324 2
82 327 3
82 343 2
82 345 1
82 349 1
82 352 1
82 355 1
82 363 1
82 368 1
82 374 1
82 376 1
82 378 1
82 401 3
82 407 4
82 408 5
82 421 1
82 442 6
82 445 1
82 459 2
82 462 3
82 471 2
82 478 5
82 487 1
82 489 2
82 496 1
83 253 1
83 267 1
83 286 2
83 290 3
83 297 1
83 311 1
83 324 1
83 336 1
83 338 1
83 349 1
83 354 1
83 372 3
83 384 2
83 389 2
83 403 1
83 409 1
83 416 1
83 418 1
83 422 1
83 424 1
83 425 1
83 435 2
83 441 3
83 449 1
83 451 1
83 453 1
83 456 2
83 457 1
83 468 1
83 471 1
84 270 1
84 277 2
84 279 1
84 283 1
84 284 2
84 294 3
84 305 1
84 309 1
84 330 4
84 339 2
84 345 3
84 351 1
84 356 2
84 357 1
84 368 1
84 371 1
84 386 1
84 408 1
84 409 1
84 417 3
84 436 1
84 446 1
84 461 2
84 463 1
84 482 2
84 500 1
85 252 1
85 253 1
85 262 1
85 279 1
85 291 1
85 310 1
85 316 2
85 338 1
85 345 1
85 368 1
85 375 1
85 387 2
85 390 1
85 393 1
85 397 1
85 403 1
85 406 1
85 408 2
85 416 1
85 423 1
85 425 1
85 426 2
85 450 1
85 463 1
85 464 1
85 466 1
85 473 3
85 475 1
85 492 1
85 493 1
86 253 1
86 274 5
86 309 2
86 320 1
86 328 1
86 331 1
86 359 1
86 361 1
86 368 2
86 399 1
86 401 1
86 402 3
86 410 1
86 417 2
86 420 1
86 421 2
86 451 1
86 456 3
86 457 1
86 474 1
86 483 1
86 484 1
86 486 2
86 499 1
87 251 1
87 269 2
87 272 1
87 284 2
87 288 3
87 297 1
87 308 2
87 319 1
87 326 4
87 339 4
87 342 2
87 348 1
87 354 1
87 360 2
87 372 1
87 376 1
87 378 1
87 387 1
87 397 4
87 403 3
87 406 2
87 413 2
87 436 1
87 437 1
87 440 1
87 448 1
87 452 2
87 465 2
87 470 1
87 480 2
88 262 1
88 270 1
88 273 2
88 284 1
88 298 2
88 301 4
88 303 2
88 318 2
88 328 1
88 332 1
88 349 1
88 362 1
88 366 2
88 369 1
88 374 1
88 382 3
88 387 2
88 397 1
88 403 4
88 410 1
88 411 1
88 413 1
88 416 1
88 427 2
88 428 1
88 434 4
88 436 1
88 439 1
88 448 4
88 464 1
88 480 1
88 482 2
88 496 1
88 497 1
89 254 2
89 257 1
89 259 2
89 265 1
89 268 3
89 279 2
89 283 1
89 297 1
89 300 1
89 305 2
89 307 1
89 319 1
89 333 1
89 341 1
89 347 3
89 352 1
89 353 1
89 361 3
89 372 1
89 380 2
89 396 1
89 407 1
89 408 1
89 422 2
89 441 2
89 444 2
89 447 1
89 455 2
89 457 2
89 474 4
89 482 1
89 490 1
89 498 2
89 499 1
90 256 1
90 257 1
90 258 1
90 259 1
90 274 1
90 279 2
90 292 3
90 302 1
90 308 1
90 310 2
90 322 2
90 328 1
90 334 1
90 345 1
90 348 1
90 356 2
90 359 1
90 365 1
90 374 1
90 380 1
90 399 1
90 414 1
90 420 1
90 424 1
90 436 1
90 438 1
90 442 2
90 445 1
90 465 1
90 472 2
90 474 1
90 485 1
90 488 2
90 491 3
91 257 1
91 259 3
91 266 1
91 267 1
91 271 1
91 282 1
91 289 3
91 292 2
91 294 4
91 298 2
91 305 1
91 309 1
91 312 1
91 323 2
91 326 3
91 335 2
91 349 1
91 350 2
91 354 1
91 366 1
91 370 2
91 380 2
91 386 1
91 391 2
91 414 2
91 417 2
91 423 1
91 424 1
91 431 1
91 433 1
91 435 1
91 437 2
91 449 1
91 451 2
91 453 1
91 464 1
91 485 2
91 487 1
91 490 1
91 500 2
92 264 1
92 273 1
92 276 1
92 281 1
92 284 1
92 287 1
92 295 1
92 298 2
92 299 1
92 311 2
92 317 2
92 327 1
92 329 2
92 334 1
92 346 1
92 347 2
92 348 1
92 351 1
92 352 2
92 357 1
92 362 1
92 363 1
92 372 3
92 377 3
92 380 1
92 384 1
92 388 1
92 392 3
92 395 1
92 398 1
92 403 1
92 411 1
92 418 1
92 422 1
92 424 1
92 427 1
92 439 1
92 442 1
92 448 1
92 452 1
92 453 1
92 457 1
92 463 1
92 470 2
92 471 1
92 476 4
92 497 1
93 254 3
93 256 1
93 269 1
93 299 2
93 312 3
93 337 1
93 361 1
93 389 1
93 397 1
93 406 1
93 411 2
93 413 2
93 428 2
93 437 1
93 450 1
93 455 1
93 457 3
93 474 2
93 498 2
94 252 1
94 262 3
94 263 1
94 274 1
94 278 2
94 293 1
94 294 2
94 299 1
94 302 1
94 312 1
94 319 1
94 320 1
94 324 2
94 333 1
94 334 1
94 335 1
94 340 1
94 356 1
94 357 4
94 376 1
94 387 1
94 388 1
94 397 3
94 402 3
94 409 1
94 412 3
94 418 3
94 419 1
94 423 1
94 426 2
94 449 1
94 450 1
94 460 1
94 469 2
94 472 1
94 488 1
94 489 3
94 493 1
94 497 2
94 500 1
95 257 1
95 260 2
95 261 3
95 267 1
95 268 1
95 270 1
95 271 7
95 272 2
95 278 3
95 282 1
95 287 1
95 288 2
95 297 1
95 306 1
95 307 1
95 337 2
95 350 1
95 353 1
95 381 1
95 393 1
95 394 1
95 402 1
95 409 2
95 428 4
95 430 1
95 431 1
95 435 2
95 446 1
95 448 1
95 449 1
95 451 1
95 453 1
95 454 3
95 457 3
95 478 2
95 485 1
95 487 2
96 279 4
96 286 1
96 291 1
96 294 1
96 295 1
96 296 2
96 300 1
96 309 1
96 320 5
96 335 1
96 345 3
96 346 1
96 355 3
96 364 2
96 379 1
96 387 2
96 395 4
96 398 1
96 400 1
96 413 3
96 417 1
96 424 2
96 428 3
96 447 1
96 448 2
96 459 1
96 476 1
96 478 1
96 480 1
96 489 1
96 491 2
96 499 1
96 500 1
97 257 3
97 268 2
97 279 1
97 298 1
97 311 1
97 313 1
97 322 2
97 332 1
97 339 3
97 343 3
97 351 1
97 365 3
97 375 2
97 390 1
97 392 1
97 413 2
97 418 2
97 427 1
97 435 1
97 442 1
97 465 1
97 469 4
97 476 1
97 477 1
97 484 1
97 498 1
98 254 1
98 257 2
98 259 1
98 265 3
98 268 1
98 269 2
98 273 2
98 275 1
98 281 1
98 283 1
98 286 2
98 298 2
98 305 5
98 306 4
98 318 2
98 320 2
98 332 2
98 338 1
98 357 1
98 383 2
98 397 1
98 398 2
98 403 1
98 406 1
98 408 1
98 412 1
98 420 2
98 422 1
98 436 1
98 446 1
98 447 1
98 456 2
98 462 2
98 471 1
98 478 1
98 488 1
99 265 1
99 266 1
99 274 3
99 282 2
99 294 1
99 303 1
99 306 3
99 313 2
99 314 1
99 328 1
99 330 2
99 346 1
99 363 1
99 407 1
99 408 2
99 415 1
99 422 1
99 441 1
99 443 1
99 460 1
99 472 1
99 473 1
99 475 1
99 483 1
100 255 3
100 256 1
100 263 2
100 276 3
100 284 2
100 293 1
100 305 1
100 306 1
100 307 3
100 308 1
100 323 1
100 334 2
100 343 2
100 345 1
100 346 1
100 348 1
100 351 2
100 370 3
100 371 1
100 373 1
100 378 1
100 383 1
100 389 1
100 401 3
100 408 1
100 422 2
100 431 2
100 438 1
100 439 2
100 484 1
100 485 1
101 262 2
101 269 3
101 272 1
101 275 1
101 281 1
101 282 1
101 288 1
101 289 1
101 303 1
101 313 1
101 322 1
101 323 1
101 324 2
101 332 1
101 334 1
101 339 1
101 344 2
101 351 2
101 354 2
101 360 1
101 361 1
101 366 1
101 369 1
101 371 1
101 375 1
101 378 1
101 385 2
101 391 1
101 393 1
101 400 2
101 409 2
101 422 1
101 423 1
101 428 2
101 438 1
101 440 2
101 446 1
101 449 2
101 450 1
101 454 1
101 455 2
101 457 1
101 466 1
101 472 3
101 473 2
101 477 1
101 479 2
101 484 1
101 489 1
101 492 3
101 495 1
102 254 1
102 257 4
102 276 1
102 289 2
102 297 2
102 302 1
102 306 1
102 308 2
102 313 3
102 320 1
102 322 1
102 330 2
102 333 1
102 342 1
102 347 1
102 350 1
102 359 1
102 360 1
102 361 2
102 362 1
102 371 1
102 377 1
102 381 1
102 382 1
102 389 2
102 416 5
102 418 1
102 419 2
102 434 2
102 436 3
102 446 1
102 454 1
102 458 3
102 471 2
102 474 1
102 482 1
102 491 1
102 494 1
102 497 1
103 251 1
103 252 2
103 259 1
103 260 1
103 269 6
103 274 2
103 277 2
103 278 3
103 290 1
103 296 1
103 297 2
103 302 1
103 315 2
103 318 2
103 325 2
103 327 3
103 335 1
103 346 2
103 350 1
103 355 2
103 367 2
103 372 1
103 374 1
103 381 1
103 384 1
103 400 2
103 407 1
103 408 1
103 413 1
103 427 1
103 429 2
103 441 1
103 445 1
103 447 2
103 452 2
103 453 1
103 456 6
103 476 5
103 482 1
103 483 1
103 493 1
103 495 1
103 496 1
104 259 2
104 275 1
104 282 1
104 303 1
104 316 2
104 332 2
104 344 2
104 346 3
104 359 3
104 360 2
104 364 1
104 369 2
104 376 2
104 385 1
104 408 1
104 409 1
104 419 2
104 423 1
104 429 2
104 440 3
104 442 1
104 469 1
104 474 2
104 479 1
104 490 4
105 261 1
105 264 2
105 266 1
105 268 1
105 274 3
105 281 1
105 299 1
105 309 3
105 320 1
105 322 2
105 328 7
105 330 1
105 332 1
105 338 1
105 345 2
105 350 1
105 351 1
105 360 2
105 367 1
105 370 3
105 374 2
105 377 3
105 410 4
105 415 1
105 428 1
105 429 1
105 445 1
105 446 2
105 450 3
105 451 1
105 452 3
105 467 1
105 471 1
105 473 1
105 487 1
105 499 1
106 264 1
106 265 1
106 272 2
106 274 2
106 280 2
106 303 1
106 304 4
106 307 1
106 312 1
106 316 1
106 317 1
106 318 1
106 331 2
106 332 2
106 339 1
106 347 2
106 349 4
106 350 1
106 351 1
106 357 1
106 378 4
106 397 2
106 398 1
106 400 1
106 402 2
106 404 1
106 410 1
106 422 2
106 431 1
106 442 2
106 446 2
106 463 2
106 464 1
106 466 1
106 478 3
106 483 2
106 485 2
106 492 1
106 500 2
107 257 3
107 260 2
107 269 2
107 274 1
107 283 1
107 287 2
107 309 2
107 323 1
107 346 2
107 355 2
107 356 1
107 358 3
107 361 1
107 387 2
107 389 2
107 391 2
107 410 6
107 412 1
107 417 1
107 423 2
107 424 1
107 426 2
107 454 1
107 462 1
107 463 2
107 465 1
107 466 2
107 470 1
107 472 1
107 484 1
108 252 1
108 259 2
108 271 2
108 275 1
108 281 1
108 288 1
108 294 1
108 297 1
108 329 1
108 330 1
108 337 3
108 359 1
108 360 2
108 372 1
108 375 1
108 383 1
108 391 2
108 393 1
108 403 4
108 411 3
108 412 1
108 420 1
108 422 1
108 448 2
108 451 2
108 459 1
108 471 2
108 485 2
108 493 1
109 253 1
109 254 1
109 255 2
109 257 2
109 263 1
109 273 1
109 282 2
109 284 1
109 315 1
109 320 1
109 324 1
109 332 6
109 335 2
109 345 1
109 349 1
109 356 1
109 357 1
109 377 6
109 380 1
109 385 1
109 394 1
109 399 2
109 406 1
109 416 1
109 419 3
109 431 1
109 433 2
109 436 1
109 437 3
109 442 1
109 445 1
109 474 2
109 489 1
109 491 1
109 493 1
109 495 1
109 497 2
109 500 1
110 251 1
110 260 1
110 261 1
110 268 1
110 287 1
110 296 1
110 303 2
110 330 4
110 333 1
110 335 1
110 340 1
110 351 2
110 364 2
110 366 1
110 380 1
110 390 1
110 393 1
110 394 2
110 398 3
110 402 3
110 405 3
110 411 1
110 413 1
110 421 1
110 423 1
110 462 1
110 467 1
110 471 1
110 474 1
110 490 6
110 492 1
110 493 1
111 258 1
111 262 3
111 264 1
111 270 1
111 271 2
111 274 1
111 287 1
111 289 1
111 304 1
111 305 2
111 307 1
111 309 1
111 311 2
111 321 6
111 326 2
111 328 1
111 335 1
111 348 1
111 385 1
111 389 1
111 391 2
111 396 1
111 398 1
111 404 1
111 412 2
111 413 1
111 416 2
111 427 2
111 428 2
111 444 1
111 446 2
111 458 1
111 462 2
111 467 2
111 469 1
111 477 1
111 486 1
111 493 1
111 500 1
112 259 1
112 261 1
112 271 1
112 277 1
112 287 1
112 290 2
112 292 1
112 301 3
112 303 1
112 308 1
112 318 1
112 323 1
112 325 3
112 326 2
112 341 1
112 342 1
112 351 1
112 355 2
112 356 1
112 360 1
112 375 1
112 380 2
112 385 1
112 389 1
112 392 1
112 394 1
112 397 1
112 398 4
112 400 1
112 407 1
112 409 1
112 416 2
112 420 5
112 425 2
112 429 1
112 438 1
112 441 3
112 445 1
112 451 2
112 456 1
112 461 1
112 467 2
112 469 1
112 472 1
112 489 1
113 254 7
113 270 2
113 279 2
113 295 1
113 313 1
113 321 3
113 335 1
113 337 3
113 340 1
113 357 1
113 358 1
113 360 1
113 362 1
113 364 2
113 370 1
113 381 2
113 388 3
113 391 1
113 392 2
113 404 1
113 405 2
113 413 1
113 416 1
113 424 1
113 442 1
113 448 1
113 467 1
113 472 1
113 481 1
113 483 1
113 484 2
113 485 1
113 492 3
113 493 2
113 499 1
114 256 2
114 261 2
114 269 2
114 275 1
114 277 2
114 279 1
114 280 1
114 282 2
114 287 1
114 304 1
114 305 1
114 317 1
114 325 1
114 327 1
114 332 1
114 338 1
114 340 1
114 341 1
114 342 1
114 349 2
114 351 4
114 352 1
114 354 1
114 358 1
114 381 1
114 392 2
114 405 3
114 416 2
114 427 2
114 433 1
114 457 1
114 470 1
114 471 1
114 473 1
114 476 2
114 481 1
114 482 1
114 486 1
114 491 2
114 493 2
114 498 3
115 251 1
115 264 1
115 266 1
115 270 1
115 271 3
115 276 2
115 283 1
115 288 1
115 292 1
115 298 3
115 300 4
115 308 1
115 314 4
115 315 2
115 316 1
115 322 1
115 325 1
115 330 1
115 340 1
115 347 2
115 372 2
115 376 1
115 381 2
115 382 2
115 394 1
115 397 1
115 413 1
115 420 2
115 421 2
115 443 1
115 444 1
115 454 1
115 473 1
115 478 1
115 481 2
115 484 2
115 489 4
116 257 1
116 265 1
116 278 5
116 280 2
116 298 5
116 303 1
116 312 1
116 325 1
116 332 1
116 346 1
116 365 2
116 370 1
116 374 1
116 377 1
116 384 1
116 393 1
116 395 1
116 399 1
116 403 1
116 405 1
116 408 1
116 419 4
116 421 1
116 428 1
116 438 1
116 442 1
116 445 2
116 450 3
116 454 3
116 460 1
116 477 3
116 484 1
116 486 1
116 491 1
116 492 1
117 253 1
117 257 1
117 259 1
117 266 1
117 270 2
117 278 3
117 283 1
117 286 1
117 303 1
117 312 1
117 321 2
117 336 1
117 353 1
117 359 1
117 371 1
117 379 1
117 385 2
117 387 1
117 388 1
117 403 1
117 409 1
117 419 2
117 424 1
117 425 1
117 443 2
117 461 2
117 464 2
117 466 1
117 492 2
117 493 2
117 496 2
118 251 2
118 252 1
118 261 1
118 263 1
118 277 1
118 278 1
118 289 2
118 291 1
118 301 3
118 303 1
118 310 1
118 314 2
118 317 1
118 319 3
118 331 3
118 337 1
118 352 3
118 364 3
118 367 1
118 377 2
118 392 4
118 393 1
118 394 3
118 401 2
118 403 2
118 404 2
118 410 2
118 428 1
118 432 1
118 436 3
118 437 1
118 440 1
118 447 1
118 449 1
118 450 1
118 453 1
118 464 1
118 476 2
118 478 1
118 481 2
118 483 1
118 486 1
118 487 3
118 491 3
118 496 1
118 499 1
118 500 1
119 262 1
119 280 1
119 286 1
119 287 1
119 295 1
119 298 1
119 305 2
119 308 1
119 310 1
119 311 2
119 312 1
119 336 2
119 346 1
119 352 1
119 370 1
119 379 2
119 382 1
119 390 2
119 393 1
119 400 1
119 404 1
119 409 1
119 412 1
119 429 1
119 447 1
119 457 1
119 466 1
119 470 1
119 476 3
119 484 1
119 493 1
120 257 1
120 260 1
120 262 2
120 266 1
120 276 3
120 277 2
120 278 1
120 281 1
120 308 1
120 309 1
120 320 1
120 323 1
120 326 1
120 334 1
120 342 1
120 361 2
120 375 2
120 376 2
120 402 1
120 403 2
120 408 2
120 416 1
120 417 1
120 431 2
120 435 1
120 449 1
120 458 1
120 459 1
120 461 1
120 465 2
120 473 2
120 475 1
120 486 1
120 496 2
121 260 1
121 270 2
121 275 3
121 282 4
121 289 3
121 292 1
121 310 1
121 311 2
121 327 1
121 329 2
121 342 2
121 345 1
121 352 3
121 355 2
121 357 1
121 358 1
121 361 1
121 370 3
121 383 1
121 393 2
121 406 1
121 413 1
121 415 1
121 418 1
121 427 1
121 430 1
121 435 1
121 443 1
121 455 2
121 466 2
121 485 3
121 497 3
121 499 3
122 259 1
122 272 1
122 286 1
122 289 1
122 293 1
122 296 2
122 309 1
122 312 1
122 317 2
122 323 2
122 331 2
122 332 1
122 343 2
122 361 1
122 364 2
122 370 2
122 371 1
122 375 1
122 388 1
122 395 1
122 405 1
122 410 1
122 412 1
122 424 1
122 426 2
122 432 1
122 442 1
122 449 1
122 470 1
122 482 2
123 254 1
123 265 1
123 270 4
123 282 1
123 309 1
123 313 1
123 319 1
123 321 2
123 322 1
123 328 3
123 330 1
123 340 1
123 356 1
123 357 1
123 358 5
123 362 2
123 401 1
123 405 2
123 408 1
123 409 2
123 416 2
123 420 1
123 425 1
123 428 1
123 433 1
123 460 2
123 463 1
123 465 6
123 470 1
123 471 1
123 495 1
123 497 1
123 498 1
124 256 1
124 264 1
124 271 1
124 276 2
124 280 2
124 297 2
124 305 1
124 310 1
124 318 1
124 322 1
124 326 1
124 335 1
124 352 1
124 353 2
124 358 2
124 380 2
124 394 1
124 397 1
124 404 2
124 429 2
124 432 4
124 437 1
124 448 1
124 450 1
124 465 2
124 466 1
124 467 1
124 471 2
124 492 1
124 499 2
125 261 1
125 284 2
125 301 1
125 303 1
125 309 3
125 317 1
125 325 3
125 341 1
125 352 1
125 353 1
125 356 1
125 357 1
125 360 1
125 363 1
125 367 1
125 376 2
125 380 1
125 382 2
125 385 1
125 387 1
125 396 1
125 397 2
125 403 1
125 404 1
125 409 1
125 427 5
125 430 1
125 431 1
125 440 4
125 443 1
125 448 1
125 456 1
125 458 3
125 459 1
125 470 2
125 473 2
125 477 4
125 481 2
125 482 2
125 484 1
125 492 1
126 272 3
126 279 1
126 286 2
126 294 1
126 298 2
126 303 1
126 310 1
126 323 1
126 330 1
126 332 2
126 339 1
126 340 1
126 346 2
126 353 1
126 358 1
126 364 1
126 368 4
126 379 1
126 380 2
126 381 1
126 386 2
126 392 1
126 403 6
126 404 1
126 406 1
126 408 1
126 413 1
126 419 2
126 425 1
126 430 1
126 443 2
126 445 1
126 453 4
126 468 1
126 477 1
126 482 1
126 494 1
127 260 1
127 261 2
127 263 1
127 264 1
127 272 2
127 274 1
127 276 1
127 290 2
127 299 1
127 300 2
127 301 1
127 304 3
127 310 1
127 318 2
127 324 1
127 325 1
127 330 1
127 340 1
127 351 3
127 357 3
127 387 1
127 389 1
127 397 2
127 405 1
127 409 1
127 418 4
127 421 4
127 424 1
127 426 1
127 427 1
127 435 2
127 448 2
127 449 2
127 463 1
127 471 1
127 492 1
127 495 1
128 264 3
128 280 2
128 295 2
128 296 2
128 297 2
128 301 1
128 304 1
128 315 1
128 321 1
128 328 2
128 330 1
128 332 2
128 339 1
128 343 1
128 350 1
128 368 1
128 380 1
128 392 2
128 395 1
128 396 1
128 401 1
128 403 1
128 406 2
128 409 2
128 418 2
128 429 2
128 432 2
128 437 1
128 446 2
128 450 1
128 468 1
128 473 1
128 476 3
128 489 2
128 494 4
129 252 1
129 256 1
129 258 2
129 259 1
129 266 2
129 278 1
129 309 1
129 315 1
129 324 3
129 326 1
129 329 1
129 338 2
129 340 4
129 344 1
129 356 3
129 368 3
129 375 1
129 377 1
129 390 1
129 394 1
129 404 1
129 406 6
129 415 1
129 429 1
129 433 2
129 435 2
129 438 1
129 445 3
129 447 2
129 455 2
129 460 1
129 473 2
129 475 1
129 479 1
129 488 2
130 251 2
130 262 1
130 265 1
130 266 1
130 275 1
130 278 3
130 280 1
130 282 1
130 288 1
130 298 2
130 303 2
130 306 1
130 308 1
130 314 1
130 318 1
130 323 1
130 335 1
130 359 3
130 373 3
130 384 2
130 393 1
130 403 2
130 411 3
130 420 4
130 421 1
130 439 2
130 440 2
130 449 3
130 450 1
130 452 2
130 453 2
130 462 1
130 484 5
130 491 2
130 494 1
130 498 1
130 500 2
131 252 1
131 268 1
131 294 1
131 298 2
131 304 1
131 310 1
131 319 1
131 320 1
131 329 1
131 346 1
131 352 3
131 358 3
131 382 2
131 383 1
131 387 2
131 391 1
131 399 1
131 408 2
131 410 3
131 434 1
131 438 1
131 439 2
131 444 1
131 454 1
131 456 1
131 466 1
131 479 1
131 481 2
131 493 1
131 496 1
131 498 4
131 499 2
132 251 1
132 253 1
132 254 3
132 257 1
132 258 1
132 265 1
132 266 2
132 267 5
132 278 1
132 281 1
132 283 4
132 293 1
132 301 2
132 306 1
132 309 1
132 327 3
132 332 1
132 348 1
132 351 1
132 353 5
132 358 1
132 364 2
132 366 3
132 373 2
132 375 4
132 388 2
132 390 7
132 391 2
132 406 1
132 418 2
132 420 1
132 431 2
132 453 1
132 460 1
132 466 1
132 469 2
132 477 1
132 499 2
133 253 3
133 254 3
133 266 1
133 289 3
133 305 1
133 327 4
133 335 2
133 340 1
133 351 3
133 359 1
133 361 1
133 379 1
133 387 4
133 388 1
133 394 4
133 397 1
133 400 1
133 409 2
133 411 1
133 434 1
133 443 1
133 479 5
133 481 2
133 483 1
134 255 1
134 256 1
134 266 2
134 269 1
134 271 3
134 284 1
134 290 1
134 296 3
134 314 4
134 322 1
134 324 3
134 326 3
134 331 1
134 333 1
134 339 2
134 348 1
134 351 1
134 354 1
134 356 1
134 362 4
134 367 2
134 368 2
134 371 3
134 373 5
134 376 2
134 377 1
134 378 1
134 392 4
134 395 2
134 407 1
134 421 1
134 432 2
134 437 1
134 440 2
134 447 2
134 465 1
134 478 1
134 479 1
134 482 2
134 487 1
134 488 1
134 495 1
135 271 1
135 278 1
135 283 1
135 284 1
135 295 1
135 299 1
135 306 2
135 314 2
135 317 1
135 334 2
135 340 1
135 341 1
135 343 3
135 350 1
135 354 1
135 372 1
135 381 2
135 382 1
135 386 1
135 388 1
135 390 2
135 391 1
135 396 2
135 401 1
135 421 1
135 428 1
135 443 1
135 446 1
135 447 3
135 450 1
135 452 3
135 466 2
135 474 1
135 478 1
135 481 1
136 252 1
136 254 1
136 255 1
136 257 2
136 269 1
136 282 1
136 289 1
136 303 1
136 307 2
136 309 1
136 314 1
136 316 2
136 339 3
136 341 1
136 346 1
136 348 1
136 351 2
136 356 1
136 358 1
136 365 1
136 366 1
136 370 1
136 378 1
136 386 1
136 388 1
136 391 1
136 410 2
136 422 1
136 440 3
136 445 2
136 446 1
136 449 2
136 457 1
136 459 1
136 463 2
136 465 1
136 482 2
136 483 1
136 497 2
137 253 3
137 256 1
137 260 1
137 263 1
137 270 1
137 290 1
137 291 1
137 299 1
137 301 1
137 307 1
137 313 3
137 322 2
137 324 1
137 326 1
137 333 1
137 339 1
137 345 1
137 347 1
137 356 1
137 370 1
137 373 1
137 379 1
137 383 1
137 389 3
137 391 2
137 416 5
137 421 1
137 425 2
137 433 2
137 436 2
137 440 3
137 448 4
137 459 1
137 480 1
137 486 1
137 489 1
137 490 1
138 251 1
138 254 1
138 255 4
138 264 2
138 268 2
138 269 1
138 275 1
138 278 1
138 287 2
138 293 1
138 297 1
138 301 1
138 321 2
138 330 2
138 332 1
138 344 1
138 355 1
138 357 2
138 358 3
138 381 1
138 384 1
138 413 1
138 420 1
138 423 1
138 426 2
138 429 2
138 431 1
138 432 1
138 452 1
138 461 2
138 467 1
138 468 1
138 470 1
138 472 2
138 484 1
138 486 1
138 491 1
138 497 2
138 500 1
139 253 1
139 260 2
139 264 2
139 270 1
139 271 2
139 276 1
139 279 1
139 286 1
139 290 1
139 291 1
139 296 3
139 316 1
139 334 1
139 342 1
139 343 2
139 349 1
139 350 1
139 352 2
139 357 1
139 366 2
139 383 2
139 395 2
139 401 2
139 402 3
139 404 2
139 417 1
139 419 1
139 420 5
139 429 3
139 436 1
139 447 2
139 452 1
139 460 1
139 469 2
139 488 1
139 492 2
139 493 1
140 258 4
140 260 1
140 279 2
140 285 1
140 288 1
140 289 1
140 294 2
140 303 1
140 304 1
140 305 3
140 308 1
140 321 2
140 332 1
140 337 1
140 369 2
140 371 1
140 376 1
140 377 3
140 390 3
140 397 3
140 405 3
140 452 1
140 464 1
140 466 1
140 467 1
140 475 1
140 481 2
140 483 3
140 485 2
140 487 2
140 498 3
141 251 2
141 257 1
141 261 1
141 265 4
141 266 1
141 270 1
141 278 2
141 281 1
141 293 1
141 295 5
141 303 1
141 305 2
141 316 1
141 322 1
141 332 2
141 334 1
141 353 2
141 371 1
141 391 1
141 404 2
141 420 1
141 423 2
141 425 1
141 431 2
141 433 3
141 434 1
141 447 1
141 455 3
141 475 1
141 476 1
141 496 1
142 258 1
142 260 1
142 268 1
142 271 1
142 279 2
142 284 1
142 291 1
142 292 2
142 297 1
142 316 2
142 318 1
142 324 1
142 328 1
142 352 3
142 353 2
142 355 1
142 358 3
142 363 7
142 367 5
142 369 1
142 370 1
142 378 1
142 380 1
142 384 3
142 386 1
142 389 1
142 402 5
142 405 1
142 408 2
142 421 2
142 426 1
142 431 1
142 440 1
142 445 2
142 450 2
142 456 2
142 481 2
142 497 4
142 500 3
143 274 2
143 303 3
143 306 1
143 315 1
143 320 1
143 322 1
143 333 1
143 336 1
143 339 5
143 343 1
143 352 1
143 363 1
143 370 3
143 385 1
143 391 2
143 407 2
143 418 1
143 428 2
143 434 1
143 439 1
143 445 1
143 458 1
143 460 1
144 251 1
144 261 1
144 276 1
144 277 5
144 298 2
144 302 3
144 304 1
144 320 1
144 322 1
144 327 1
144 332 1
144 345 1
144 352 1
144 353 1
144 375 1
144 376 3
144 379 1
144 382 1
144 408 1
144 412 1
144 413 1
144 415 1
144 418 1
144 424 3
144 431 1
144 442 1
144 443 1
144 444 1
144 449 1
144 451 1
144 460 1
144 465 1
144 484 1
144 494 1
145 286 1
145 298 4
145 300 3
145 302 1
145 305 2
145 313 2
145 316 1
145 319 3
145 330 1
145 345 1
145 351 1
145 353 1
145 355 1
145 360 2
145 365 1
145 367 1
145 384 1
145 392 1
145 398 1
145 408 1
145 418 1
145 422 1
145 428 1
145 431 2
145 457 1
145 460 1
145 463 2
145 465 1
145 469 2
145 472 1
145 494 2
145 498 1
145 500 1
146 252 3
146 262 1
146 263 1
146 264 1
146 266 1
146 276 3
146 286 1
146 294 1
146 297 1
146 313 1
146 319 1
146 325 1
146 332 1
146 337 3
146 339 1
146 342 1
146 343 1
146 355 2
146 358 1
146 378 3
146 380 1
146 388 1
146 406 1
146 408 2
146 411 1
146 423 3
146 430 3
146 432 2
146 441 1
146 446 2
146 447 1
146 456 1
146 464 1
146 488 1
146 493 2
146 495 3
146 500 3
147 277 1
147 278 1
147 283 3
147 284 1
147 285 1
147 289 1
147 300 1
147 304 2
147 305 1
147 309 1
147 321 2
147 329 1
147 330 1
147 341 1
147 343 1
147 346 1
147 347 1
147 352 2
147 377 1
147 386 3
147 406 1
147 407 1
147 419 2
147 421 1
147 436 1
147 440 3
147 441 1
147 444 1
147 445 1
147 456 1
147 463 4
147 464 1
147 496 1
148 255 1
148 293 2
148 298 2
148 301 1
148 312 1
148 320 1
148 337 3
148 343 1
148 348 1
148 354 1
148 369 2
148 378 1
148 384 1
148 386 1
148 399 1
148 403 1
148 410 1
148 414 2
148 420 1
148 437 1
148 455 7
148 462 1
148 464 1
148 466 2
148 472 1
148 479 1
148 489 2
148 498 2
149 254 1
149 257 1
149 258 5
149 276 1
149 282 1
149 290 1
149 310 1
149 311 1
149 312 1
149 321 1
149 322 3
149 328 6
149 329 1
149 331 3
149 347 1
149 355 1
149 360 5
149 364 1
149 382 1
149 388 1
149 395 2
149 396 1
149 398 2
149 407 1
149 411 6
149 414 1
149 415 2
149 419 3
149 420 1
149 421 1
149 432 1
149 437 1
149 458 1
149 467 1
149 470 4
149 484 1
149 487 2
149 488 2
149 494 1
149 495 1
149 498 1
150 251 2
150 261 1
150 263 1
150 265 1
150 266 1
150 281 1
150 282 1
150 286 2
150 298 1
150 310 1
150 313 3
150 314 1
150 328 1
150 350 2
150 355 1
150 357 1
150 362 1
150 378 1
150 402 1
150 409 1
150 411 2
150 415 1
150 431 1
150 449 1
150 457 1
150 459 1
150 469 1
150 475 1
150 489 1
150 495 2
151 258 1
151 260 1
151 263 4
151 278 3
151 281 4
151 283 1
151 288 2
151 289 5
151 292 3
151 294 1
151 299 3
151 305 2
151 320 3
151 331 1
151 343 1
151 356 3
151 378 1
151 379 1
151 382 6
151 406 1
151 419 1
151 425 2
151 434 2
151 440 1
151 455 1
151 456 2
151 460 1
151 470 1
151 486 1
151 495 1
151 496 1
152 260 1
152 267 1
152 303 2
152 304 1
152 306 2
152 311 1
152 317 2
152 327 1
152 335 1
152 341 2
152 346 2
152 353 1
152 362 1
152 363 1
152 366 2
152 367 1
152 377 1
152 378 1
152 383 2
152 398 1
152 402 1
152 413 2
152 414 1
152 415 4
152 416 2
152 429 1
152 439 1
152 462 3
152 466 1
152 471 2
152 476 1
152 482 2
152 484 1
152 486 1
152 499 1
153 254 1
153 269 2
153 270 2
153 272 2
153 274 2
153 275 2
153 276 4
153 286 1
153 288 2
153 297 2
153 300 1
153 315 2
153 322 1
153 326 4
153 337 1
153 346 1
153 348 1
153 353 1
153 366 1
153 371 1
153 373 3
153 383 1
153 390 3
153 392 2
153 395 1
153 396 1
153 409 2
153 414 1
153 423 1
153 425 1
153 426 5
153 429 1
153 431 1
153 448 2
153 459 5
153 460 4
153 466 1
153 468 1
153 481 2
154 261 1
154 266 1
154 272 2
154 286 1
154 293 3
154 300 4
154 303 2
154 306 1
154 310 1
154 315 2
154 351 3
154 358 1
154 359 2
154 374 1
154 397 1
154 412 2
154 418 1
154 421 1
154 434 2
154 451 1
154 452 1
154 454 1
154 456 2
154 463 1
154 471 3
154 494 4
154 497 1
154 499 4
155 258 1
155 260 1
155 268 1
155 273 1
155 277 3
155 279 1
155 287 3
155 293 3
155 308 1
155 324 2
155 334 1
155 336 2
155 338 1
155 339 3
155 342 4
155 345 2
155 349 1
155 356 1
155 361 1
155 367 4
155 370 1
155 389 3
155 396 2
155 399 2
155 402 1
155 409 1
155 422 1
155 429 1
155 433 1
155 435 1
155 438 2
155 442 1
155 447 3
155 448 3
155 453 1
155 472 2
155 474 1
155 477 4
156 253 4
156 264 1
156 265 1
156 281 1
156 282 1
156 283 1
156 287 1
156 291 2
156 298 1
156 309 1
156 314 1
156 316 4
156 318 2
156 335 1
156 384 1
156 391 3
156 393 1
156 406 4
156 413 2
156 423 1
156 431 1
156 433 1
156 435 1
156 440 1
156 457 5
156 469 1
156 478 1
156 482 2
156 498 2
156 499 1
157 252 1
157 258 2
157 263 1
157 279 2
157 280 1
157 281 2
157 288 1
157 291 2
157 295 1
157 297 3
157 303 1
157 306 1
157 311 1
157 314 1
157 317 1
157 318 3
157 342 3
157 357 1
157 375 1
157 383 1
157 385 1
157 388 1
157 389 1
157 393 2
157 395 1
157 398 2
157 407 1
157 409 1
157 417 1
157 426 1
157 428 1
157 444 1
157 448 3
157 451 1
157 453 2
157 466 1
157 469 1
157 472 1
157 480 1
157 487 1
157 490 1
158 256 1
158 270 1
158 292 1
158 309 4
158 310 4
158 320 1
158 325 1
158 326 1
158 329 3
158 334 1
158 335 1
158 344 1
158 345 1
158 348 1
158 349 1
158 360 1
158 390 1
158 394 3
158 396 4
158 401 3
158 414 1
158 418 1
158 431 1
158 435 3
158 445 1
158 448 1
158 470 1
158 482 1
158 483 2
158 492 1
158 493 2
159 253 1
159 260 1
159 263 1
159 265 1
159 266 1
159 272 1
159 276 2
159 283 2
159 285 1
159 290 2
159 295 1
159 296 2
159 302 2
159 304 2
159 306 1
159 309 2
159 311 3
159 319 1
159 321 2
159 322 1
159 339 1
159 345 2
159 351 5
159 355 2
159 363 2
159 366 2
159 372 1
159 373 2
159 375 1
159 376 4
159 393 2
159 399 1
159 400 1
159 404 1
159 408 1
159 410 1
159 444 3
159 445 1
159 453 2
159 459 3
159 473 1
159 482 1
159 495 1
160 257 1
160 263 2
160 266 1
160 273 2
160 285 3
160 286 2
160 291 1
160 299 2
160 300 1
160 304 3
160 307 1
160 311 2
160 318 2
160 337 1
160 343 2
160 348 1
160 371 2
160 377 2
160 400 1
160 412 1
160 418 1
160 424 2
160 426 1
160 427 2
160 435 5
160 437 1
160 454 1
160 484 2
161 253 2
161 254 2
161 274 1
161 277 1
161 292 1
161 308 1
161 321 1
161 322 2
161 324 2
161 325 1
161 330 2
161 334 1
161 335 1
161 338 1
161 343 1
161 346 4
161 358 2
161 362 3
161 364 2
161 383 1
161 387 3
161 389 1
161 392 1
161 398 4
161 404 2
161 421 2
161 425 2
161 428 1
161 454 1
161 460 2
161 485 1
161 490 1
161 497 1
162 251 3
162 272 1
162 281 1
162 286 1
162 292 3
162 300 1
162 319 2
162 324 3
162 327 1
162 330 1
162 339 1
162 344 1
162 345 1
162 370 1
162 372 2
162 375 2
162 377 1
162 386 1
162 389 2
162 393 2
162 394 1
162 399 3
162 425 1
162 428 2
162 429 2
162 446 1
162 458 2
162 465 2
162 467 2
162 468 2
162 471 1
162 472 1
162 475 1
162 476 1
162 497 1
163 254 3
163 269 2
163 273 1
163 278 1
163 279 1
163 280 1
163 297 1
163 298 1
163 306 2
163 314 2
163 317 1
163 322 1
163 323 1
163 324 1
163 325 1
163 347 2
163 348 5
163 356 2
163 364 1
163 370 1
163 372 1
163 377 2
163 378 1
163 396 2
163 409 1
163 417 2
163 426 1
163 434 1
163 448 1
163 449 2
163 454 1
163 465 2
163 469 1
163 471 2
163 474 1
163 475 1
163 482 1
163 483 1
164 255 1
164 261 1
164 268 2
164 272 1
164 288 1
164 296 1
164 317 2
164 337 1
164 369 1
164 376 1
164 378 1
164 382 1
164 387 1
164 389 1
164 390 1
164 392 1
164 422 1
164 442 1
164 444 1
164 446 3
164 447 3
164 456 1
164 466 1
164 467 1
164 489 1
164 490 1
164 492 1
164 496 1
164 497 1
165 255 1
165 258 1
165 259 1
165 273 1
165 280 4
165 303 1
165 308 1
165 314 3
165 316 1
165 318 3
165 337 3
165 339 1
165 345 2
165 349 1
165 352 1
165 363 2
165 366 2
165 370 1
165 371 1
165 379 1
165 383 1
165 395 1
165 396 1
165 399 2
165 400 2
165 404 2
165 407 2
165 415 1
165 419 1
165 420 1
165 434 2
165 436 6
165 445 2
165 455 4
165 459 1
165 462 1
165 472 1
165 476 1
165 479 1
165 493 1
166 252 2
166 254 1
166 258 1
166 260 1
166 272 2
166 283 1
166 291 1
166 300 2
166 308 2
166 314 1
166 316 1
166 341 2
166 343 4
166 344 2
166 346 1
166 355 1
166 361 1
166 366 1
166 368 1
166 370 1
166 371 1
166 373 1
166 375 1
166 377 1
166 378 4
166 383 1
166 384 2
166 385 1
166 388 1
166 391 1
166 409 5
166 415 1
166 416 1
166 417 2
166 431 3
166 433 1
166 446 1
166 454 3
166 455 1
166 467 1
166 470 1
166 476 1
166 479 1
166 480 1
166 490 1
167 257 1
167 258 1
167 271 1
167 291 1
167 297 1
167 323 1
167 327 1
167 328 3
167 330 1
167 332 2
167 338 3
167 342 1
167 348 1
167 353 2
167 361 1
167 362 1
167 364 4
167 385 1
167 397 1
167 405 1
167 435 2
167 448 1
167 450 2
167 452 1
167 453 2
167 470 2
167 474 1
167 497 3
168 264 1
168 291 1
168 299 1
168 311 2
168 331 1
168 343 2
168 364 4
168 376 1
168 378 1
168 379 1
168 380 1
168 389 5
168 392 1
168 393 1
168 406 3
168 407 1
168 408 1
168 432 3
168 433 1
168 453 3
168 461 1
168 463 1
168 468 1
168 472 1
168 475 5
168 476 1
168 482 2
168 484 1
168 487 1
168 498 1
169 258 1
169 266 1
169 269 2
169 271 1
169 278 1
169 280 1
169 281 1
169 296 1
169 297 2
169 298 1
169 299 2
169 307 7
169 311 2
169 315 1
169 317 1
169 322 1
169 324 1
169 330 1
169 332 1
169 345 3
169 347 4
169 351 2
169 353 2
169 358 1
169 365 3
169 389 4
169 397 1
169 402 1
169 416 2
169 422 2
169 429 1
169 447 1
169 467 1
169 486 1
169 487 1
169 496 1
169 500 3
170 255 2
170 262 1
170 265 1
170 269 1
170 273 2
170 274 1
170 276 3
170 291 1
170 295 1
170 301 1
170 303 1
170 308 1
170 320 1
170 333 1
170 337 1
170 343 1
170 363 1
170 368 1
170 378 1
170 382 2
170 390 1
170 398 1
170 400 1
170 401 2
170 405 2
170 413 1
170 420 1
170 422 4
170 424 2
170 429 1
170 434 1
170 437 3
170 439 1
170 443 1
170 444 2
170 450 2
170 452 1
170 457 1
170 472 1
170 474 2
171 252 2
171 253 3
171 255 1
171 260 1
171 280 1
171 282 2
171 284 1
171 290 1
171 291 3
171 296 1
171 303 3
171 316 1
171 320 2
171 325 1
171 335 1
171 336 2
171 349 1
171 355 1
171 363 2
171 366 1
171 367 5
171 369 1
171 373 1
171 378 1
171 393 2
171 394 2
171 401 2
171 428 1
171 437 1
171 440 2
171 447 1
171 453 1
171 459 2
171 466 1
171 469 1
171 472 1
171 479 1
171 496 2
172 254 1
172 262 2
172 266 1
172 267 1
172 283 4
172 291 2
172 300 1
172 306 2
172 333 1
172 334 1
172 335 1
172 338 1
172 340 2
172 346 1
172 348 2
172 359 4
172 362 1
172 364 2
172 372 1
172 382 1
172 383 1
172 385 1
172 395 1
172 414 1
172 418 1
172 423 1
172 426 1
172 442 2
172 445 1
172 447 1
172 456 1
172 469 2
172 471 2
172 475 2
172 476 4
172 493 1
172 496 1
173 258 2
173 261 2
173 266 1
173 271 1
173 275 1
173 278 4
173 294 1
173 299 1
173 318 2
173 323 1
173 332 2
173 334 1
173 337 1
173 338 1
173 340 1
173 342 1
173 355 1
173 356 1
173 358 3
173 360 1
173 367 4
173 377 1
173 388 1
173 389 2
173 392 1
173 407 1
173 418 3
173 426 1
173 429 3
173 430 1
173 433 1
173 446 2
173 452 1
173 456 1
173 488 2
173 490 1
173 491 1
174 251 1
174 257 2
174 271 1
174 281 1
174 287 2
174 297 1
174 300 2
174 307 1
174 310 2
174 311 2
174 312 2
174 313 2
174 315 4
174 324 1
174 339 1
174 349 2
174 352 1
174 363 2
174 368 1
174 382 2
174 391 1
174 394 1
174 395 1
174 398 1
174 402 1
174 403 2
174 410 1
174 414 3
174 423 1
174 438 2
174 444 1
174 448 4
174 458 3
174 463 2
174 466 1
174 469 1
174 471 4
174 474 1
174 486 1
174 496 1
174 500 3
175 253 1
175 256 1
175 259 1
175 267 4
175 270 1
175 272 1
175 275 2
175 287 1
175 290 1
175 302 1
175 313 1
175 330 1
175 331 2
175 334 1
175 343 2
175 344 1
175 351 1
175 355 4
175 366 4
175 407 3
175 411 1
175 417 2
175 427 3
175 428 3
175 437 1
175 438 1
175 442 1
175 444 2
175 447 1
175 473 2
175 479 1
175 480 2
175 498 1
175 499 1
175 500 2
176 253 1
176 255 1
176 274 1
176 285 3
176 290 1
176 303 3
176 305 1
176 322 1
176 323 1
176 326 1
176 330 1
176 337 1
176 339 1
176 340 2
176 370 2
176 381 1
176 388 1
176 391 2
176 399 1
176 400 1
176 406 1
176 421 2
176 428 1
176 430 2
176 435 2
176 438 2
176 445 1
176 450 1
176 453 2
176 454 1
176 458 1
176 461 2
176 485 1
176 486 1
176 489 1
176 497 3
177 274 3
177 282 2
177 297 1
177 307 3
177 312 1
177 323 1
177 338 1
177 340 1
177 348 1
177 353 1
177 359 2
177 379 3
177 383 1
177 384 1
177 397 1
177 412 1
177 415 1
177 442 1
177 450 1
177 467 1
177 470 1
177 477 1
177 484 1
177 486 2
177 496 2
178 252 2
178 256 1
178 259 1
178 263 1
178 265 1
178 267 1
178 269 1
178 275 4
178 277 1
178 293 1
178 295 2
178 309 1
178 317 1
178 318 2
178 319 3
178 320 1
178 321 1
178 354 2
178 359 1
178 368 1
178 377 1
178 381 1
178 382 3
178 391 1
178 393 3
178 396 1
178 398 1
178 401 1
178 406 1
178 409 1
178 423 1
178 425 1
178 428 1
178 433 2
178 437 1
178 439 2
178 441 4
178 442 1
178 444 1
178 445 2
178 456 1
178 464 1
178 469 2
178 487 2
178 493 1
178 500 2
179 251 2
179 264 1
179 283 1
179 287 2
179 289 1
179 293 2
179 295 1
179 308 1
179 312 2
179 320 1
179 322 2
179 325 2
179 345 1
179 348 4
179 358 1
179 360 2
179 365 1
179 367 2
179 368 1
179 377 2
179 388 1
179 394 1
179 398 2
179 402 1
179 403 2
179 406 1
179 410 2
179 416 2
179 430 1
179 431 3
179 432 3
179 435 1
179 449 2
179 451 1
179 452 2
179 464 1
179 469 1
179 478 1
179 479 1
179 492 1
179 494 1
179 495 2
179 499 1
180 252 2
180 254 4
180 264 4
180 275 1
180 280 1
180 286 1
180 292 1
180 301 4
180 305 2
180 325 1
180 331 1
180 334 2
180 342 1
180 364 1
180 372 1
180 376 3
180 378 1
180 382 1
180 385 1
180 404 2
180 406 2
180 413 1
180 414 1
180 427 1
180 432 1
180 433 1
180 445 1
180 454 1
180 455 1
180 458 1
180 463 1
180 478 2
180 482 3
180 483 1
180 489 1
181 257 2
181 261 3
181 265 1
181 280 4
181 285 1
181 289 2
181 292 1
181 305 1
181 307 1
181 314 1
181 316 1
181 322 1
181 326 1
181 332 2
181 342 2
181 354 1
181 368 2
181 369 1
181 370 1
181 401 1
181 402 2
181 403 1
181 426 1
181 430 1
181 431 2
181 440 1
181 448 3
181 453 1
181 485 2
181 486 8
181 498 1
182 261 1
182 282 2
182 291 4
182 292 1
182 296 2
182 305 1
182 325 2
182 326 1
182 328 2
182 333 1
182 345 1
182 350 1
182 353 2
182 375 1
182 382 3
182 397 1
182 406 1
182 414 2
182 422 1
182 434 2
182 454 1
182 462 1
182 471 3
182 476 2
182 477 2
182 500 2
183 276 1
183 278 2
183 284 1
183 293 1
183 296 2
183 305 1
183 327 2
183 341 2
183 346 3
183 355 1
183 362 1
183 371 2
183 375 1
183 384 1
183 385 4
183 386 3
183 392 1
183 406 1
183 418 1
183 433 1
183 439 1
183 452 1
183 460 1
183 463 2
183 467 1
183 482 1
183 487 1
184 260 1
184 263 1
184 277 2
184 279 1
184 283 1
184 296 1
184 298 1
184 314 1
184 315 1
184 325 1
184 327 2
184 328 1
184 332 2
184 335 2
184 359 1
184 367 1
184 385 1
184 390 3
184 391 1
184 395 2
184 407 3
184 424 1
184 429 1
184 433 2
184 454 1
184 484 1
184 492 1
184 497 1
185 251 1
185 256 1
185 258 4
185 262 1
185 268 1
185 272 2
185 279 1
185 280 1
185 283 6
185 290 2
185 291 2
185 295 2
185 303 1
185 307 1
185 312 2
185 313 2
185 319 2
185 324 2
185 325 4
185 328 1
185 332 1
185 341 2
185 349 1
185 354 1
185 359 6
185 366 1
185 368 1
185 370 2
185 384 2
185 397 1
185 407 2
185 422 1
185 434 2
185 443 1
185 445 2
185 448 1
185 451 1
185 455 1
185 457 1
185 459 1
185 480 2
185 481 1
185 487 1
185 488 2
185 489 3
185 491 1
185 493 1
185 494 1
185 500 1
186 253 2
186 261 2
186 268 2
186 278 1
186 279 1
186 289 1
186 300 1
186 317 1
186 320 1
186 331 1
186 335 1
186 339 1
186 340 1
186 344 1
186 348 1
186 351 3
186 359 3
186 361 7
186 367 1
186 368 1
186 393 3
186 397 1
186 400 5
186 408 1
186 417 1
186 426 1
186 432 1
186 442 1
186 446 1
186 455 1
186 459 1
186 479 1
186 487 1
187 267 1
187 279 1
187 286 3
187 287 1
187 289 6
187 291 1
187 300 1
187 302 1
187 307 4
187 331 3
187 333 1
187 336 1
187 353 1
187 358 1
187 361 1
187 365 2
187 376 1
187 383 1
187 385 3
187 395 2
187 397 3
187 412 1
187 422 3
187 423 1
187 428 1
187 434 1
187 435 2
187 439 1
187 445 1
187 447 2
187 460 1
187 463 2
187 472 1
187 496 3
188 266 4
188 276 1
188 278 1
188 280 1
188 283 1
188 284 1
188 299 2
188 301 1
188 304 2
188 313 1
188 314 1
188 316 1
188 322 1
188 327 1
188 332 1
188 336 2
188 343 1
188 347 1
188 362 1
188 376 1
188 399 1
188 401 1
188 442 2
188 443 4
188 445 1
188 448 2
188 468 1
188 476 1
188 482 2
188 485 2
188 493 1
188 494 1
188 497 2
189 257 1
189 264 1
189 265 1
189 269 1
189 272 5
189 275 3
189 290 1
189 299 2
189 303 1
189 314 1
189 315 2
189 318 1
189 321 1
189 348 2
189 366 1
189 369 1
189 373 1
189 379 1
189 396 3
189 405 1
189 408 1
189 410 1
189 414 1
189 416 2
189 417 1
189 427 1
189 428 2
189 450 1
189 458 1
189 459 1
189 465 2
189 466 2
189 482 1
189 488 1
189 490 1
189 492 1
189 495 2
189 497 1
190 253 1
190 266 2
190 273 4
190 277 2
190 279 3
190 284 1
190 286 3
190 293 1
190 301 1
190 304 1
190 309 1
190 313 1
190 316 1
190 327 1
190 328 1
190 347 4
190 348 1
190 361 5
190 369 3
190 377 1
190 394 1
190 395 5
190 396 1
190 408 1
190 415 1
190 418 1
190 431 2
190 449 1
190 461 1
190 469 2
190 488 1
190 497 1
190 498 1
191 253 2
191 274 1
191 277 2
191 288 1
191 297 1
191 319 1
191 330 1
191 339 1
191 341 2
191 345 2
191 346 2
191 350 1
191 362 3
191 365 1
191 368 1
191 369 1
191 385 1
191 388 1
191 389 1
191 397 2
191 406 3
191 407 3
191 409 2
191 412 1
191 426 1
191 438 1
191 446 1
191 448 1
191 460 1
191 473 1
191 483 1
191 487 2
191 489 1
191 495 2
191 499 1
192 260 2
192 270 1
192 273 1
192 274 2
192 278 1
192 286 1
192 294 1
192 310 2
192 329 2
192 330 2
192 335 4
192 340 5
192 342 2
192 347 1
192 354 1
192 356 2
192 357 1
192 363 2
192 376 1
192 378 1
192 389 1
192 391 2
192 396 1
192 399 1
192 401 2
192 404 1
192 409 1
192 416 1
192 427 1
192 430 1
192 440 1
192 445 2
192 449 2
192 452 1
192 454 1
192 468 1
192 476 2
193 251 1
193 254 2
193 258 3
193 263 1
193 271 1
193 295 2
193 302 1
193 304 1
193 308 2
193 312 2
193 319 1
193 329 1
193 337 1
193 338 2
193 341 1
193 352 3
193 362 3
193 365 1
193 366 1
193 376 1
193 381 1
193 391 2
193 393 2
193 396 1
193 407 1
193 409 2
193 433 2
193 435 4
193 436 1
193 438 1
193 441 2
193 455 1
193 467 1
193 468 1
193 475 1
193 480 1
193 481 2
193 486 1
193 499 1
193 500 1
194 258 1
194 268 1
194 278 2
194 294 1
194 296 1
194 297 3
194 306 2
194 310 2
194 312 2
194 342 1
194 351 1
194 356 3
194 363 1
194 364 1
194 371 1
194 393 1
194 395 1
194 408 1
194 410 1
194 413 2
194 418 2
194 419 2
194 420 1
194 422 1
194 425 1
194 436 1
194 439 1
194 457 1
194 491 1
194 493 1
194 498 1
195 252 2
195 258 2
195 268 1
195 280 1
195 281 1
195 289 2
195 290 4
195 297 2
195 299 1
195 304 2
195 310 1
195 314 7
195 317 1
195 318 1
195 321 1
195 350 2
195 351 1
195 364 4
195 365 5
195 367 1
195 381 1
195 383 1
195 394 2
195 397 1
195 398 1
195 403 1
195 406 1
195 407 1
195 413 1
195 414 1
195 420 1
195 467 1
195 474 1
195 480 1
195 483 1
195 497 1
196 258 1
196 261 1
196 269 1
196 279 1
196 314 1
196 315 2
196 319 2
196 325 1
196 333 2
196 335 1
196 339 5
196 343 1
196 349 1
196 357 2
196 362 1
196 364 1
196 365 1
196 377 1
196 378 2
196 379 1
196 390 1
196 401 3
196 406 1
196 412 1
196 414 2
196 416 1
196 430 3
196 435 2
196 439 1
196 440 1
196 441 1
196 442 1
196 445 1
196 446 5
196 448 1
196 460 1
196 495 2
197 264 1
197 275 1
197 283 11
197 290 1
197 292 1
197 303 2
197 304 1
197 315 1
197 320 1
197 330 1
197 334 1
197 335 2
197 342 1
197 346 2
197 349 1
197 369 1
197 372 1
197 388 3
197 392 2
197 394 2
197 398 1
197 402 1
197 405 1
197 420 1
197 427 1
197 428 1
197 439 1
197 446 1
197 450 2
197 451 1
197 463 3
197 477 1
197 496 1
198 252 3
198 253 1
198 257 1
198 271 1
198 274 1
198 292 3
198 294 1
198 303 3
198 305 2
198 307 1
198 318 1
198 322 2
198 330 2
198 331 1
198 337 2
198 341 1
198 357 1
198 379 1
198 380 2
198 388 4
198 392 1
198 396 1
198 405 1
198 422 1
198 423 1
198 424 1
198 436 3
198 445 3
198 449 1
198 472 1
198 475 1
198 495 1
199 255 2
199 261 4
199 262 1
199 267 1
199 288 3
199 297 1
199 307 1
199 318 1
199 323 1
199 346 2
199 350 1
199 353 6
199 354 2
199 359 1
199 364 1
199 365 1
199 372 1
199 382 4
199 402 1
199 414 1
199 415 2
199 422 4
199 429 1
199 443 1
199 445 1
199 447 2
199 452 1
199 463 1
199 468 1
199 474 1
199 489 1
199 494 1
199 495 1
200 251 1
200 265 1
200 266 2
200 268 1
200 279 2
200 282 2
200 288 2
200 298 1
200 303 4
200 317 2
200 343 3
200 356 1
200 357 2
200 359 2
200 388 1
200 390 1
200 404 2
200 408 1
200 416 1
200 425 1
200 433 2
200 434 1
200 438 1
200 441 1
200 467 1
200 470 1
200 472 3
200 474 1
200 492 1
200 493 1
200 497 2
201 257 1
201 262 1
201 267 1
201 295 1
201 298 2
201 301 4
201 302 1
201 307 1
201 309 2
201 338 1
201 345 1
201 351 3
201 357 1
201 358 3
201 376 1
201 390 1
201 396 4
201 403 1
201 406 1
201 410 2
201 416 1
201 420 1
201 423 2
201 441 1
201 456 1
201 460 1
201 464 1
201 467 1
201 476 1
201 477 1
201 478 1
201 480 1
201 486 1
201 491 1
201 494 1
201 495 2
202 263 1
202 278 1
202 286 4
202 287 1
202 299 1
202 302 2
202 343 3
202 364 4
202 365 1
202 384 1
202 392 2
202 399 2
202 405 2
202 410 1
202 418 2
202 419 4
202 423 2
202 428 1
202 430 1
202 438 3
202 439 2
202 455 3
202 467 1
202 468 3
202 478 2
202 486 1
202 494 1
202 499 1
203 252 3
203 255 4
203 265 1
203 277 2
203 325 2
203 352 1
203 361 1
203 365 1
203 368 1
203 394 3
203 427 1
203 431 1
203 437 2
203 446 1
203 462 1
203 469 1
203 484 1
203 486 1
203 489 1
203 492 1
203 496 1
203 498 2
204 251 2
204 257 1
204 259 1
204 275 2
204 285 1
204 289 1
204 294 1
204 296 5
204 318 1
204 333 1
204 334 1
204 342 1
204 348 2
204 350 1
204 364 1
204 367 1
204 370 1
204 373 1
204 381 1
204 388 2
204 389 1
204 413 1
204 421 1
204 424 1
204 426 1
204 427 1
204 433 2
204 439 2
204 442 1
204 448 2
204 450 1
204 471 2
204 473 1
204 481 2
204 492 4
204 499 2
205 260 1
205 267 3
205 272 1
205 279 1
205 281 2
205 290 1
205 301 2
205 304 1
205 306 1
205 342 4
205 354 1
205 364 2
205 366 2
205 377 2
205 381 2
205 397 1
205 402 1
205 409 1
205 417 1
205 422 5
205 430 1
205 431 1
205 440 2
205 442 1
205 446 1
205 447 1
205 451 1
205 457 3
205 461 1
205 471 1
205 472 1
205 475 1
205 477 1
205 484 2
205 485 1
205 489 2
205 491 1
205 493 2
206 254 1
206 265 1
206 268 2
206 270 1
206 275 2
206 277 2
206 278 3
206 315 2
206 326 1
206 328 1
206 331 1
206 336 1
206 374 2
206 383 3
206 397 1
206 402 1
206 407 1
206 410 1
206 423 2
206 434 3
206 435 1
206 442 1
206 443 2
206 473 2
206 489 1
206 495 1
206 498 2
207 264 2
207 265 5
207 271 2
207 283 1
207 287 2
207 289 2
207 290 1
207 294 3
207 297 1
207 305 1
207 306 1
207 312 1
207 316 1
207 321 2
207 325 1
207 327 1
207 346 1
207 376 3
207 389 3
207 391 3
207 402 3
207 403 1
207 408 1
207 417 2
207 431 1
207 436 3
207 443 1
207 458 1
207 461 1
207 463 1
207 471 1
207 485 2
207 488 2
207 496 1
207 498 1
208 255 1
208 256 1
208 258 2
208 267 1
208 274 1
208 281 1
208 287 1
208 289 1
208 307 2
208 308 2
208 313 1
208 327 1
208 329 1
208 337 2
208 345 1
208 346 1
208 352 2
208 354 2
208 356 2
208 358 1
208 378 1
208 396 1
208 425 2
208 434 1
208 435 1
208 439 2
208 446 1
208 452 4
208 464 3
208 466 2
208 469 1
208 471 1
208 472 1
208 478 2
208 487 2
208 493 5
208 495 2
208 499 3
209 252 1
209 258 1
209 263 3
209 265 2
209 266 2
209 282 1
209 300 2
209 302 2
209 312 3
209 319 3
209 327 1
209 353 1
209 369 1
209 385 1
209 393 2
209 394 1
209 400 1
209 401 3
209 412 4
209 439 1
209 447 4
209 457 1
209 463 1
209 468 1
209 469 1
209 473 2
209 478 1
209 480 1
209 487 1
209 496 3
210 276 1
210 283 1
210 289 5
210 291 1
210 302 2
210 314 1
210 319 2
210 322 2
210 324 1
210 333 4
210 347 4
210 363 1
210 369 1
210 372 1
210 383 1
210 398 3
210 414 1
210 426 1
210 436 2
210 437 1
210 455 2
210 486 1
211 255 1
211 258 2
211 267 1
211 284 3
211 290 2
211 302 1
211 304 2
211 310 2
211 315 1
211 317 1
211 320 2
211 327 4
211 330 3
211 336 2
211 337 2
211 339 1
211 342 2
211 347 1
211 350 1
211 359 1
211 362 1
211 394 2
211 400 4
211 404 1
211 411 1
211 415 2
211 423 1
211 425 3
211 427 1
211 437 1
211 439 1
211 460 1
211 469 3
211 479 2
211 481 1
211 491 1
211 492 2
212 251 4
212 253 1
212 267 1
212 275 3
212 283 3
212 286 3
212 294 2
212 300 1
212 304 3
212 311 3
212 314 1
212 318 1
212 323 5
212 329 2
212 346 1
212 351 1
212 369 2
212 379 1
212 405 1
212 410 2
212 418 3
212 440 3
212 449 1
212 452 1
212 455 1
212 457 1
212 458 1
212 460 1
212 464 1
212 466 1
212 471 2
212 481 1
212 482 1
212 485 1
212 493 1
213 267 1
213 270 1
213 286 1
213 297 2
213 305 1
213 311 1
213 313 1
213 314 3
213 320 1
213 330 1
213 333 1
213 348 1
213 358 1
213 361 2
213 363 1
213 389 1
213 391 2
213 402 2
213 406 2
213 446 1
213 450 1
213 457 1
213 458 1
213 471 1
213 487 1
213 491 1
214 254 1
214 258 1
214 259 3
214 261 1
214 263 2
214 268 2
214 272 1
214 285 1
214 290 1
214 292 2
214 297 1
214 300 2
214 307 1
214 324 2
214 334 1
214 338 2
214 339 1
214 341 1
214 342 1
214 352 1
214 367 1
214 378 1
214 380 1
214 383 3
214 386 1
214 392 1
214 395 2
214 399 6
214 410 1
214 411 1
214 422 1
214 442 1
214 465 1
214 469 1
214 477 1
214 478 1
214 484 3
214 487 2
214 495 1
215 252 2
215 260 1
215 264 1
215 266 3
215 271 1
215 274 1
215 282 1
215 285 1
215 301 1
215 310 4
215 325 1
215 332 2
215 339 2
215 343 1
215 346 1
215 347 3
215 351 2
215 356 1
215 361 2
215 364 1
215 370 2
215 371 1
215 381 1
215 388 1
215 389 3
215 390 1
215 401 1
215 402 1
215 407 1
215 409 1
215 427 1
215 433 1
215 444 1
215 454 2
215 457 1
215 458 2
215 466 1
215 467 2
215 471 2
215 486 1
215 489 4
215 490 1
215 493 1
215 495 1
216 259 2
216 262 3
216 266 1
216 272 1
216 302 2
216 312 1
216 317 2
216 323 2
216 326 1
216 335 2
216 338 1
216 343 1
216 347 1
216 373 1
216 382 1
216 383 1
216 392 1
216 395 1
216 401 1
216 423 1
216 425 2
216 435 2
216 436 3
216 443 2
216 451 2
216 468 1
216 477 1
216 484 1
217 266 2
217 268 1
217 270 1
217 274 1
217 290 1
217 308 1
217 310 2
217 312 1
217 318 1
217 320 2
217 342 1
217 344 2
217 349 1
217 350 2
217 368 2
217 370 2
217 374 1
217 390 1
217 408 1
217 435 1
217 436 1
217 441 1
217 443 1
217 452 1
217 454 2
217 478 2
217 488 2
217 498 1
218 257 1
218 273 1
218 274 2
218 285 2
218 289 1
218 311 2
218 318 1
218 320 1
218 326 1
218 327 1
218 333 1
218 334 2
218 335 1
218 359 1
218 366 2
218 389 1
218 395 1
218 405 1
218 407 1
218 415 2
218 430 2
218 451 1
218 460 1
218 461 1
218 471 2
218 477 1
218 479 1
218 490 1
218 491 1
218 493 1
218 494 3
218 500 2
219 258 2
219 265 1
219 282 2
219 284 1
219 287 2
219 288 1
219 292 3
219 318 1
219 328 1
219 330 2
219 336 3
219 349 1
219 352 1
219 358 1
219 359 1
219 362 3
219 363 1
219 375 2
219 391 1
219 395 2
219 398 2
219 407 1
219 409 2
219 415 1
219 435 1
219 442 1
219 454 3
219 460 1
219 467 1
219 475 2
219 476 1
219 494 1
220 251 1
220 253 1
220 258 2
220 261 2
220 262 1
220 266 1
220 282 1
220 289 1
220 293 1
220 303 4
220 304 1
220 309 1
220 320 2
220 325 1
220 342 1
220 344 1
220 349 3
220 359 1
220 371 1
220 372 1
220 374 1
220 376 2
220 400 1
220 405 3
220 406 1
220 412 1
220 418 1
220 435 1
220 442 1
220 444 2
220 446 1
220 467 2
220 471 2
220 475 1
220 479 2
220 484 4
220 488 1
220 491 1
220 495 1
221 254 1
221 260 3
221 262 4
221 275 1
221 277 1
221 284 1
221 286 1
221 298 2
221 304 2
221 319 1
221 328 1
221 334 1
221 342 1
221 352 1
221 360 2
221 362 3
221 371 1
221 404 2
221 405 1
221 410 2
221 418 1
221 419 1
221 422 1
221 428 2
221 429 2
221 430 1
221 443 1
221 453 4
221 454 1
221 470 1
221 472 3
221 475 1
221 478 2
221 479 1
221 484 2
221 488 1
221 489 1
221 495 2
222 252 1
222 254 3
222 262 3
222 268 1
222 272 2
222 274 1
222 297 2
222 303 2
222 321 1
222 329 2
222 330 1
222 335 1
222 357 1
222 363 1
222 365 1
222 368 2
222 377 1
222 379 1
222 380 1
222 385 2
222 388 2
222 391 3
222 412 1
222 413 3
222 416 2
222 418 2
222 420 4
222 432 1
222 436 4
222 440 2
222 446 2
222 460 3
222 469 1
222 474 1
222 477 1
222 478 3
222 486 1
222 490 1
222 491 1
223 252 1
223 263 1
223 269 2
223 272 1
223 276 2
223 278 1
223 283 1
223 304 1
223 309 1
223 315 4
223 322 2
223 340 4
223 344 3
223 346 1
223 366 2
223 368 1
223 372 2
223 385 3
223 392 4
223 400 1
223 409 3
223 413 1
223 417 1
223 420 1
223 430 1
223 434 1
223 437 1
223 450 1
223 455 1
223 470 2
223 472 1
224 253 3
224 255 1
224 257 1
224 259 1
224 262 1
224 269 1
224 276 1
224 278 1
224 279 1
224 286 1
224 295 1
224 305 1
224 316 1
224 326 3
224 329 1
224 334 1
224 337 1
224 343 1
224 346 2
224 348 1
224 351 1
224 355 3
224 371 2
224 376 1
224 380 1
224 382 1
224 393 1
224 395 1
224 400 1
224 422 2
224 434 1
224 437 6
224 440 2
224 454 4
224 472 1
224 480 1
224 490 1
224 493 1
224 499 4
224 500 2
225 253 1
225 258 4
225 259 1
225 265 1
225 298 1
225 302 2
225 304 1
225 309 2
225 318 2
225 319 1
225 325 2
225 331 1
225 333 2
225 335 1
225 346 1
225 360 1
225 362 1
225 366 2
225 372 2
225 378 1
225 381 1
225 386 1
225 390 1
225 400 1
225 402 2
225 409 1
225 423 2
225 432 1
225 439 4
225 459 1
225 470 1
225 474 1
225 484 1
226 256 1
226 266 1
226 270 1
226 287 1
226 312 1
226 322 2
226 328 1
226 346 2
226 351 1
226 356 2
226 367 1
226 370 1
226 397 2
226 399 1
226 405 1
226 406 1
226 412 1
226 417 1
226 424 1
226 433 2
226 472 2
226 478 1
226 487 1
226 500 1
227 254 1
227 257 1
227 262 1
227 263 1
227 264 2
227 269 1
227 270 1
227 278 1
227 309 1
227 311 2
227 328 3
227 339 1
227 351 1
227 355 1
227 364 1
227 393 2
227 395 1
227 398 2
227 402 2
227 414 1
227 421 3
227 424 1
227 428 1
227 431 2
227 442 2
227 445 2
227 452 2
227 455 1
227 457 1
227 458 1
227 475 1
227 477 1
227 479 1
227 485 1
227 492 1
228 251 1
228 252 1
228 279 1
228 287 3
228 288 1
228 289 1
228 302 1
228 314 3
228 333 1
228 337 2
228 356 4
228 365 1
228 367 1
228 368 4
228 372 1
228 380 1
228 381 1
228 390 1
228 404 1
228 414 1
228 428 2
228 445 1
228 450 1
228 465 1
228 468 1
228 476 1
228 480 3
228 491 2
228 492 1
228 497 1
229 257 2
229 258 1
229 271 1
229 288 1
229 299 1
229 303 2
229 318 1
229 329 1
229 341 1
229 343 1
229 357 4
229 366 2
229 369 2
229 376 1
229 377 1
229 382 2
229 389 1
229 406 1
229 409 1
229 417 5
229 422 2
229 425 1
229 436 1
229 454 1
229 461 2
229 463 1
229 482 1
229 484 1
229 495 5
229 500 1
230 283 1
230 286 2
230 287 1
230 297 3
230 301 1
230 303 1
230 313 2
230 323 3
230 333 1
230 344 1
230 346 7
230 352 1
230 354 1
230 360 1
230 367 3
230 375 1
230 382 1
230 384 1
230 385 1
230 407 1
230 412 2
230 418 1
230 420 1
230 427 1
230 450 1
230 454 1
230 456 1
230 473 1
230 489 1
230 497 1
231 253 2
231 255 1
231 263 1
231 269 1
231 271 1
231 297 2
231 301 2
231 317 3
231 318 1
231 320 1
231 328 1
231 334 2
231 345 1
231 357 1
231 364 2
231 365 1
231 378 1
231 393 2
231 396 1
231 409 1
231 410 1
231 414 1
231 419 1
231 422 1
231 425 2
231 433 1
231 436 1
231 446 1
231 447 1
231 448 1
231 457 2
231 464 1
231 473 1
231 484 1
231 493 2
231 496 1
232 261 2
232 264 3
232 265 1
232 270 1
232 277 1
232 297 1
232 304 1
232 306 1
232 310 3
232 314 5
232 317 5
232 330 1
232 332 2
232 363 1
232 377 1
232 380 1
232 393 4
232 394 3
232 400 3
232 417 1
232 419 2
232 424 1
232 426 1
232 432 1
232 438 3
232 439 4
232 440 1
232 453 1
232 454 4
232 463 1
232 490 1
232 495 2
232 496 1
233 253 1
233 255 1
233 256 2
233 261 1
233 269 3
233 283 1
233 294 1
233 300 4
233 318 1
233 328 3
233 330 1
233 334 1
233 336 5
233 350 1
233 352 1
233 353 1
233 356 1
233 358 2
233 360 2
233 363 1
233 375 2
233 377 1
233 378 4
233 379 1
233 381 1
233 383 1
233 387 1
233 390 1
233 395 2
233 396 2
233 399 1
233 402 1
233 403 1
233 416 1
233 430 2
233 431 3
233 432 2
233 440 3
233 458 1
233 462 2
233 469 1
233 477 1
233 484 2
233 495 3
233 499 3
234 259 1
234 264 2
234 275 2
234 280 1
234 307 1
234 322 2
234 325 1
234 331 1
234 332 1
234 347 1
234 348 1
234 350 4
234 351 1
234 355 1
234 360 1
234 364 1
234 368 1
234 370 2
234 392 2
234 398 1
234 399 1
234 403 2
234 410 1
234 413 1
234 419 4
234 425 1
234 428 2
234 431 1
234 433 1
234 435 3
234 440 2
234 449 3
234 450 2
234 456 1
234 457 1
234 467 1
234 485 2
234 486 4
234 489 2
234 490 2
234 494 1
235 251 1
235 263 1
235 264 1
235 283 2
235 292 2
235 297 1
235 315 1
235 318 1
235 324 1
235 325 1
235 328 2
235 331 2
235 335 1
235 341 1
235 344 1
235 346 1
235 349 1
235 356 1
235 369 2
235 370 1
235 382 2
235 383 1
235 394 1
235 397 2
235 403 1
235 407 1
235 423 1
235 426 1
235 427 2
235 434 1
235 436 1
235 442 1
235 444 3
235 448 1
235 452 1
235 455 1
235 458 4
235 469 3
235 470 1
235 475 1
235 479 1
235 489 1
235 499 1
236 254 1
236 255 1
236 258 5
236 263 3
236 277 1
236 280 2
236 283 1
236 286 2
236 295 2
236 297 1
236 298 2
236 299 1
236 310 2
236 315 2
236 319 2
236 328 1
236 331 1
236 337 1
236 339 2
236 346 2
236 350 1
236 353 1
236 361 2
236 363 4
236 364 1
236 365 1
236 367 1
236 387 3
236 398 1
236 407 1
236 412 1
236 438 2
236 458 2
236 460 1
236 462 1
236 471 1
236 477 1
236 484 1
237 255 1
237 260 1
237 262 1
237 270 2
237 272 1
237 293 1
237 295 1
237 296 1
237 297 2
237 299 1
237 300 2
237 302 1
237 305 1
237 306 1
237 314 1
237 315 1
237 320 1
237 324 4
237 332 2
237 343 3
237 344 3
237 353 1
237 361 3
237 369 3
237 380 2
237 385 1
237 387 3
237 391 2
237 394 1
237 395 2
237 401 1
237 403 1
237 410 1
237 413 1
237 414 1
237 426 3
237 428 2
237 430 1
237 432 1
237 441 1
237 442 1
237 461 1
237 462 1
237 465 3
237 466 2
237 469 3
237 499 1
238 258 1
238 262 2
238 275 2
238 277 1
238 280 1
238 286 1
238 287 1
238 301 1
238 315 1
238 317 2
238 328 1
238 337 1
238 356 1
238 362 2
238 364 4
238 371 1
238 374 1
238 383 2
238 389 3
238 390 2
238 404 2
238 447 1
238 450 1
238 452 1
238 457 1
238 459 4
238 461 1
238 464 1
238 466 2
238 467 3
238 468 1
238 474 1
238 489 1
238 490 1
238 492 1
238 497 3
239 251 2
239 257 1
239 271 4
239 280 1
239 288 1
239 289 2
239 291 2
239 293 1
239 297 1
239 304 1
239 308 1
239 316 3
239 328 3
239 343 1
239 360 1
239 363 2
239 377 1
239 381 1
239 382 2
239 386 1
239 390 1
239 394 1
239 397 1
239 398 1
239 410 1
239 411 2
239 416 1
239 424 2
239 426 2
239 430 2
239 434 2
239 439 1
239 440 1
239 442 1
239 443 2
239 447 1
239 454 1
239 465 2
239 487 1
239 488 1
240 254 2
240 255 2
240 263 1
240 264 2
240 267 1
240 274 1
240 276 1
240 299 1
240 301 1
240 314 1
240 317 1
240 318 1
240 330 1
240 333 1
240 340 2
240 349 2
240 363 1
240 379 3
240 390 2
240 417 2
240 418 3
240 431 1
240 440 1
240 442 1
240 451 7
240 456 2
240 458 3
240 459 4
240 486 2
240 493 2
241 286 3
241 290 1
241 295 1
241 327 1
241 330 1
241 347 1
241 349 1
241 362 1
241 380 1
241 388 1
241 397 1
241 408 1
241 415 2
241 455 1
241 467 1
241 470 2
241 486 3
241 492 1
241 496 1
241 497 1
242 254 3
242 273 1
242 274 1
242 275 4
242 279 1
242 282 2
242 293 3
242 300 1
242 313 1
242 315 1
242 319 1
242 321 1
242 322 2
242 324 1
242 349 1
242 350 1
242 363 1
242 364 1
242 370 1
242 377 1
242 383 1
242 387 3
242 391 1
242 405 1
242 409 1
242 416 1
242 425 1
242 432 1
242 434 1
242 468 1
242 471 1
242 482 1
242 484 1
242 492 2
243 251 2
243 261 2
243 262 2
243 263 1
243 269 1
243 273 1
243 284 2
243 289 2
243 291 1
243 305 2
243 338 1
243 339 2
243 341 1
243 344 1
243 355 1
243 368 5
243 375 1
243 383 3
243 394 1
243 402 2
243 411 1
243 414 1
243 415 1
243 417 1
243 433 2
243 435 1
243 451 1
243 453 1
243 455 3
243 462 1
243 483 1
243 489 2
243 492 1
243 497 3
243 500 1
244 253 1
244 260 1
244 261 1
244 267 2
244 271 1
244 281 1
244 284 1
244 285 1
244 293 1
244 316 1
244 319 1
244 321 1
244 327 4
244 336 3
244 337 1
244 352 2
244 356 1
244 372 1
244 385 2
244 413 1
244 414 1
244 419 5
244 427 2
244 430 2
244 453 2
244 460 1
244 473 2
244 479 1
244 485 1
245 253 1
245 274 1
245 278 1
245 287 1
245 291 1
245 303 1
245 307 1
245 310 2
245 320 5
245 328 5
245 345 4
245 364 1
245 368 1
245 375 2
245 389 4
245 390 1
245 407 1
245 410 1
245 413 2
245 420 1
245 425 1
245 432 1
245 440 1
245 450 1
245 472 2
245 479 1
245 483 1
245 487 1
246 265 2
246 270 2
246 271 4
246 272 1
246 282 3
246 283 3
246 286 1
246 301 1
246 303 2
246 305 2
246 322 1
246 324 1
246 326 1
246 341 2
246 347 1
246 367 1
246 371 1
246 374 3
246 388 6
246 392 3
246 395 2
246 396 2
246 439 3
246 443 1
246 449 1
246 460 1
246 473 2
246 488 2
246 491 1
246 492 4
246 496 1
246 499 3
247 255 1
247 293 1
247 294 2
247 295 1
247 307 3
247 314 2
247 316 2
247 318 1
247 332 4
247 349 2
247 360 1
247 361 1
247 368 1
247 381 1
247 396 1
247 403 1
247 405 2
247 411 1
247 422 1
247 438 2
247 443 2
247 448 2
247 450 2
247 455 1
247 458 2
247 459 1
247 474 2
247 488 2
247 490 1
248 253 4
248 257 1
248 260 1
248 268 1
248 271 1
248 280 2
248 284 1
248 286 1
248 289 1
248 293 1
248 295 3
248 302 1
248 327 1
248 344 1
248 353 3
248 355 1
248 356 2
248 373 3
248 374 1
248 398 1
248 401 3
248 405 1
248 408 1
248 410 1
248 411 1
248 416 1
248 420 2
248 421 1
248 427 4
248 434 1
248 440 2
248 441 2
248 459 2
248 481 1
248 495 1
249 256 1
249 264 1
249 292 1
249 298 1
249 318 1
249 330 2
249 345 1
249 353 1
249 366 2
249 367 1
249 376 1
249 381 1
249 390 1
249 391 3
249 396 1
249 403 1
249 412 1
249 420 1
249 421 3
249 428 1
249 457 4
249 463 1
249 464 2
249 475 2
249 488 1
249 493 3
250 251 1
250 262 2
250 268 1
250 269 4
250 270 1
250 301 3
250 309 1
250 313 3
250 316 2
250 318 2
250 329 2
250 330 1
250 366 1
250 372 1
250 378 2
250 379 3
250 390 3
250 396 2
250 400 3
250 404 2
250 413 1
250 417 2
250 424 1
250 426 2
250 433 1
250 437 1
250 446 4
250 448 5
250 457 2
250 459 1
250 462 1
250 481 1
250 482 2
250 484 1
250 489 1
250 498 1
