25 25 4 143
#constraints
26 28
34 35
27 38
40 50
#edges
1 27 1
1 45 1
1 47 2
2 27 1
2 34 2
2 37 1
2 48 3
3 33 3
3 41 1
3 43 1
3 50 2
4 29 1
4 30 1
4 32 1
4 35 1
4 42 1
4 43 1
5 31 4
5 33 1
5 34 1
5 35 2
5 36 3
5 45 1
6 36 1
6 40 2
6 41 1
6 45 1
6 49 1
7 26 2
7 29 2
7 31 1
7 34 3
7 35 4
7 39 1
7 41 1
7 44 1
7 45 2
7 46 1
8 30 1
8 33 1
8 35 2
8 36 3
8 39 2
8 41 3
8 50 1
10 28 1
10 32 2
10 34 1
10 35 1
10 40 1
10 41 1
10 43 1
10 49 6
10 50 1
11 34 3
11 35 1
11 38 1
11 39 2
11 40 1
11 41 2
12 29 2
12 35 3
12 37 1
12 38 2
12 40 3
12 42 1
12 44 1
12 45 1
12 46 3
12 47 1
13 33 2
13 35 1
13 40 2
13 42 1
13 48 1
14 29 4
14 37 4
14 39 4
14 42 2
14 45 2
15 31 1
15 38 1
15 39 3
15 42 2
16 32 3
16 40 1
16 41 3
16 42 1
16 43 1
16 47 1
16 48 1
17 27 1
17 31 1
17 32 2
17 36 1
17 37 1
17 38 2
17 43 4
17 44 1
18 29 2
18 32 1
18 33 1
18 42 1
18 43 2
19 28 1
19 32 2
19 34 2
19 35 1
19 36 1
19 38 1
19 48 3
19 50 1
20 26 1
20 30 1
20 36 3
20 45 1
21 27 1
21 35 3
21 37 1
21 38 1
21 46 1
22 26 2
22 27 3
22 28 2
22 38 3
22 40 1
22 46 1
22 47 2
23 39 3
23 50 1
24 27 1
24 30 1
24 33 1
24 35 1
24 41 1
24 43 1
25 28 1
25 37 1
25 38 1
25 41 1
25 42 3
25 43 2
25 49 1
