25 25 4 75
#constraints
31 32
27 37
29 38
38 41
#edges
2 30 2
2 34 6
2 50 1
3 26 1
3 28 1
3 39 1
3 43 4
3 45 1
4 26 2
4 31 2
4 43 2
5 27 1
5 37 3
5 40 1
5 41 4
5 42 1
6 26 1
7 28 1
7 32 1
7 37 1
7 40 1
7 49 1
8 48 1
9 27 2
9 28 4
9 40 2
9 43 6
10 28 1
10 31 1
10 35 1
10 36 1
10 46 4
11 28 3
11 29 9
11 39 2
11 49 1
12 30 5
12 33 1
12 46 1
13 34 2
13 40 1
13 46 1
13 48 1
15 29 1
15 36 1
15 37 1
15 38 1
15 39 3
15 40 1
15 44 1
15 45 1
16 37 1
17 35 1
17 40 1
17 42 3
17 44 4
17 47 2
18 26 1
18 34 1
18 45 2
18 47 1
18 48 2
19 45 1
20 30 1
20 37 2
21 49 1
23 26 1
23 31 1
23 42 1
23 47 1
23 49 1
24 42 1
25 37 1
25 43 6
25 47 2
