25 25 4 92
#constraints
26 28
31 33
31 34
31 45
#edges
1 29 1
1 44 2
1 50 2
2 30 1
2 35 1
2 36 2
2 38 1
2 43 2
3 27 1
3 31 2
4 35 2
5 35 1
5 46 1
5 48 2
6 26 1
6 40 1
6 42 1
7 27 1
7 33 1
8 28 1
8 29 2
8 36 1
8 38 1
8 39 3
8 42 2
8 48 2
9 39 1
9 40 1
9 42 2
10 26 1
10 34 1
10 43 2
11 29 3
11 32 1
11 44 1
11 50 1
12 27 5
12 31 1
12 38 1
12 47 2
13 29 2
13 30 1
13 33 1
13 41 1
13 45 1
14 34 1
14 35 1
15 40 2
15 41 1
16 39 1
16 45 1
16 47 2
16 50 1
17 27 2
17 35 1
17 40 2
18 32 4
18 34 1
18 38 2
18 44 1
18 50 3
19 30 4
19 35 2
19 39 1
19 47 1
20 26 1
20 34 2
20 40 1
20 44 1
21 27 1
21 29 1
21 32 2
21 36 2
21 39 1
21 42 1
21 47 4
22 27 2
22 35 1
22 36 2
22 39 2
22 40 4
22 44 2
23 26 3
23 36 1
24 37 1
24 38 1
24 46 1
24 50 1
25 31 1
25 34 1
25 35 3
25 40 1
