25 25 4 114
#constraints
26 27
29 34
36 41
32 46
#edges
1 30 3
1 35 1
1 41 4
1 48 1
2 30 2
2 31 2
2 50 1
3 26 2
3 27 2
3 34 2
4 26 2
4 27 1
4 29 1
4 31 3
4 33 2
4 38 1
5 27 1
5 30 1
5 37 1
5 38 2
5 41 1
5 45 1
5 47 3
5 48 1
6 36 1
6 37 2
6 39 1
6 45 3
7 27 5
7 28 1
7 30 1
7 32 1
7 39 2
7 40 1
8 29 1
8 36 1
8 37 1
8 41 2
8 47 1
9 30 1
9 31 1
9 32 1
9 36 1
9 39 1
10 30 1
10 34 1
10 45 2
10 46 3
11 39 1
11 43 2
12 32 2
12 33 2
12 38 2
12 39 2
12 40 2
12 43 3
13 31 1
13 36 1
13 39 2
13 43 1
13 46 1
13 49 3
14 27 1
14 32 1
14 45 1
14 49 1
15 28 1
15 29 2
15 36 1
15 44 1
15 47 1
15 49 3
16 33 3
16 37 2
16 38 1
16 41 1
17 28 2
17 30 1
17 31 3
17 40 1
17 41 1
18 28 1
18 29 1
18 31 1
18 33 1
18 42 1
18 43 1
18 50 1
19 35 1
19 36 1
19 46 1
20 37 2
20 44 2
20 47 2
20 49 1
21 29 1
21 33 3
21 44 1
22 30 1
22 33 1
23 31 2
23 34 1
23 36 2
23 48 2
24 29 1
24 32 1
24 39 2
24 50 3
25 29 1
25 37 2
25 40 3
25 42 1
25 48 1
25 49 1
