25 25 4 346
#constraints
28 29
31 46
45 47
41 50
#edges
1 26 1
1 29 2
1 31 1
1 32 1
1 33 4
1 39 1
1 41 2
1 42 3
1 45 1
1 46 1
1 47 1
1 49 1
2 27 1
2 29 2
2 30 1
2 31 1
2 32 1
2 35 1
2 36 1
2 38 1
2 40 6
2 41 1
2 43 1
2 44 3
2 45 1
2 46 1
2 50 2
3 26 1
3 28 1
3 29 3
3 31 1
3 32 1
3 34 1
3 35 1
3 36 1
3 37 2
3 38 2
3 39 1
3 40 2
3 41 2
3 42 3
3 44 1
3 47 1
3 49 1
3 50 4
4 28 1
4 29 2
4 33 4
4 34 1
4 35 1
4 37 3
4 40 1
4 41 3
4 44 3
4 45 1
4 46 1
4 47 1
4 49 2
5 29 1
5 30 2
5 31 1
5 33 2
5 35 2
5 36 1
5 39 1
5 40 1
5 45 1
5 48 1
5 50 1
6 28 1
6 29 1
6 30 1
6 31 1
6 33 2
6 34 1
6 35 1
6 36 2
6 39 1
6 44 6
6 50 1
7 27 1
7 28 2
7 29 1
7 33 1
7 37 1
7 41 1
7 43 2
7 45 1
7 46 1
7 47 1
7 48 1
7 49 1
7 50 1
8 26 1
8 27 5
8 29 1
8 30 1
8 32 1
8 33 1
8 37 1
8 38 5
8 40 1
8 41 1
8 43 1
8 44 2
8 46 1
8 47 2
8 48 1
9 28 1
9 31 2
9 33 1
9 34 1
9 37 3
9 38 2
9 40 2
9 41 1
9 42 5
9 44 2
9 45 6
9 46 2
9 49 1
10 26 2
10 27 1
10 28 1
10 29 4
10 30 1
10 31 5
10 32 1
10 33 1
10 35 2
10 37 3
10 38 1
10 40 2
10 41 1
10 42 1
10 43 1
10 45 1
10 46 1
10 47 6
10 49 2
10 50 2
11 28 1
11 29 1
11 31 1
11 32 2
11 33 1
11 34 1
11 38 2
11 39 1
11 42 1
11 43 1
11 44 4
11 45 1
11 46 1
11 47 1
11 48 3
12 30 1
12 32 3
12 33 2
12 35 4
12 36 1
12 38 2
12 40 1
12 43 1
12 44 2
12 46 1
13 26 5
13 28 1
13 29 1
13 30 3
13 31 1
13 35 1
13 37 1
13 39 2
13 41 1
13 44 2
13 47 2
13 48 2
13 49 1
13 50 7
14 26 1
14 27 1
14 28 2
14 29 3
14 32 2
14 33 1
14 34 2
14 40 1
14 41 2
14 42 1
14 48 2
14 49 4
14 50 1
15 26 1
15 27 1
15 28 3
15 29 1
15 30 3
15 31 1
15 33 1
15 34 1
15 35 2
15 38 4
15 39 2
15 42 1
15 45 1
15 46 3
15 47 1
15 50 2
16 27 2
16 29 1
16 30 1
16 31 2
16 32 3
16 36 4
16 37 1
16 39 3
16 40 1
16 41 1
16 43 1
16 44 1
16 45 1
16 46 1
16 47 2
16 49 1
16 50 1
17 29 2
17 30 1
17 32 6
17 33 1
17 34 2
17 35 1
17 37 2
17 38 1
17 41 2
17 43 1
17 45 1
17 47 5
17 48 1
17 49 1
18 30 1
18 32 1
18 34 2
18 39 1
18 42 4
18 43 1
18 44 2
18 45 1
19 26 1
19 27 1
19 28 1
19 30 1
19 32 1
19 36 4
19 37 1
19 39 1
19 40 2
19 46 1
19 47 1
19 49 1
19 50 1
20 26 1
20 27 1
20 28 3
20 31 2
20 33 1
20 34 4
20 36 6
20 38 1
20 40 1
20 44 1
20 46 1
20 48 4
20 50 3
21 26 4
21 28 1
21 32 1
21 34 1
21 36 2
21 38 1
21 40 1
21 41 3
21 42 2
21 44 1
21 46 2
21 48 1
21 50 2
22 27 3
22 28 1
22 29 2
22 30 1
22 31 1
22 33 1
22 36 2
22 37 3
22 39 1
22 42 3
22 43 2
22 44 1
22 45 1
22 47 1
23 26 1
23 27 1
23 28 1
23 29 4
23 30 1
23 32 3
23 34 1
23 36 2
23 37 1
23 39 1
23 41 3
23 42 1
23 44 2
23 45 1
23 50 1
24 26 1
24 27 1
24 28 2
24 29 2
24 30 1
24 33 1
24 34 2
24 36 2
24 39 1
24 40 1
24 41 1
24 42 2
24 43 1
24 44 1
24 45 1
24 46 4
24 47 2
24 49 2
25 28 1
25 30 2
25 34 2
25 40 1
25 41 1
25 43 3
25 44 3
25 45 2
25 47 2
25 48 1
25 49 1
25 50 4
