25 25 4 199
#constraints
31 32
30 35
27 37
41 44
#edges
1 27 1
1 30 1
1 33 1
1 34 1
1 38 1
1 39 1
1 40 1
1 49 4
1 50 1
2 26 1
2 27 2
2 28 1
2 38 1
2 39 1
2 42 1
2 43 1
2 44 3
2 49 1
3 26 2
3 35 2
3 37 1
3 41 2
3 43 1
3 44 1
4 28 1
4 29 1
4 31 1
4 33 1
4 34 1
4 38 2
4 39 2
4 41 1
4 45 4
4 48 1
4 50 1
5 27 2
5 30 1
5 35 1
5 37 1
5 38 1
5 42 1
5 43 1
5 45 2
6 28 1
6 29 1
6 31 1
6 33 1
6 39 3
6 42 1
6 44 2
7 28 1
7 31 3
7 33 1
7 34 1
7 37 1
7 40 1
7 42 1
7 49 1
8 26 1
8 27 2
8 29 1
8 31 1
8 33 2
8 39 1
8 40 3
8 42 1
9 30 1
9 33 1
9 37 3
9 38 1
9 39 1
9 46 2
9 47 1
9 48 1
9 49 2
10 27 6
10 33 1
10 37 3
10 39 4
10 48 4
11 26 1
11 29 1
11 30 1
11 35 1
11 36 1
11 37 2
11 38 1
11 40 8
11 43 2
11 46 1
11 48 3
11 50 1
12 27 1
12 33 2
12 39 1
12 43 2
12 48 1
13 27 1
13 29 1
13 36 3
13 38 2
13 39 1
13 40 1
13 45 1
13 47 2
14 26 2
14 30 2
14 32 2
14 34 1
14 36 2
14 46 1
14 48 5
15 28 1
15 35 1
15 39 2
15 41 1
15 44 2
15 47 2
16 27 1
16 29 2
16 33 1
16 39 1
16 40 3
16 42 4
16 43 1
16 46 1
17 28 4
17 34 1
17 35 1
17 40 3
17 42 2
17 43 1
17 47 2
17 50 1
18 26 1
18 28 1
18 34 1
18 37 2
18 39 2
18 45 1
19 29 1
19 30 2
19 32 1
19 37 4
19 39 1
19 43 1
19 44 1
19 45 3
19 46 1
19 48 1
19 50 3
20 26 1
20 32 1
20 34 1
20 36 1
20 37 1
20 48 4
21 27 1
21 28 2
21 32 1
21 36 1
21 40 1
21 41 2
21 42 1
21 47 3
21 48 2
21 49 3
21 50 1
22 26 2
22 42 1
22 47 1
22 50 1
23 27 3
23 28 1
23 34 1
23 39 1
23 42 1
23 48 1
24 32 2
24 34 1
24 37 1
24 40 1
24 42 1
24 43 3
24 46 1
24 50 6
25 27 1
25 28 3
25 33 1
25 34 1
25 36 2
25 37 2
25 41 1
25 42 1
25 44 1
25 45 1
25 46 1
25 48 2
25 49 1
