25 25 4 71
#constraints
26 28
31 32
29 33
29 37
#edges
1 32 3
1 47 2
2 36 1
2 39 2
2 45 1
2 49 2
3 39 2
4 26 1
4 28 1
4 29 1
4 32 1
4 34 4
4 36 2
4 39 1
4 46 4
4 47 1
5 33 2
5 47 2
5 49 2
5 50 1
6 44 2
7 30 1
7 37 2
7 38 1
7 39 1
9 33 1
9 42 1
9 49 1
10 27 2
11 29 1
11 30 1
11 32 3
11 41 2
11 48 3
11 50 1
12 26 3
12 39 1
12 48 1
12 50 2
13 31 1
13 33 3
13 40 1
14 29 3
14 47 1
15 29 1
15 37 1
15 47 3
15 49 1
16 50 1
17 32 2
17 45 2
17 46 1
17 48 1
17 49 1
18 34 1
18 36 1
19 33 1
19 34 1
20 36 1
20 37 2
20 42 1
21 31 1
21 36 1
22 31 2
22 33 5
22 35 2
23 29 4
23 44 3
24 40 1
25 28 1
25 37 1
