25 25 4 60
#constraints
26 27
27 30
34 39
31 43
#edges
1 33 2
1 34 1
1 37 3
1 43 2
1 46 1
1 50 1
2 26 1
3 32 1
3 38 5
4 44 1
6 27 1
6 31 3
6 35 1
6 47 6
7 27 1
7 28 1
7 31 4
7 35 1
7 48 1
8 37 1
8 38 2
8 39 3
8 41 2
9 47 2
9 48 1
10 26 1
10 38 1
10 44 2
12 31 1
12 39 2
12 43 1
13 26 1
13 28 1
13 30 4
13 35 1
13 47 1
14 29 1
14 36 1
14 49 1
15 26 1
15 31 2
16 27 2
16 32 1
17 29 3
18 27 3
18 42 1
20 30 2
20 33 3
21 33 1
21 39 1
22 41 1
23 26 2
23 32 3
23 38 2
23 44 1
23 46 5
23 48 3
24 31 1
24 37 2
25 41 2
